18
48
119
167
221
236
253
260
440
453
460
467
477
503
580
663
746
778
786
828
837
937
956
971
996
1028
1123
1140
1151
1264
1266
1279
1367
1443
1454
1504
1539
1648
1656
1666
1678
1747
1757
1767
1796
1808
1829
1973
2013
2157
2215
2303
2339
2351
2353
2361
2383
2422
2429
2512
2620
2671
2675
2738
2759
2784
2818
2851
2949
3005
3031
3105
3131
3158
3193
3266
3330
3375
3482
3493
3509
3549
3613
3683
3692
3797
3810
3850
3895
3949
4027
4065
4114
4199
4297
4316
4493
4495
4524
4553
4559
4603
4620
4625
4640
4660
4703
4775
4831
4846
4861
4868
4879
4948
4957
4974
4997
5121
5152
5197
5233
5251
5309
5325
5342
5402
5436
5505
5532
5535
5575
5600
5627
5753
5757
5857
5899
5936
6025
6027
6056
6090
6091
6093
6096
6204
6215
6239
6263
6300
6378
6401
6438
6461
6483
6547
6579
6722
6769
6902
6943
6948
7011
7067
7116
7132
7157
7160
7227
7305
7316
7322
7364
7476
7519
7624
7655
7671
7682
7689
7839
7848
7877
7889
7894
7926
7927
7986
7999
8025
8109
8137
8146
8189
8309
8325
8334
8354
8369
8370
8386
8440
8445
8451
8481
8591
8689
8694
8728
8734
8740
8748
8783
8792
8832
8863
8900
8916
8918
9010
9013
9059
9062
9105
9119
9128
9175
9191
9344
9360
9430
9432
9481
9556
9635
9687
9708
9794
9886
9895
9965
9996
