0 0.21535 -0.58587 0.8 0.52323 0.5 0.01 1.0 0.0 0.0 0.0 0.0 0.0 1.0 0.0 0.0 0.0 0.0 0.0 1.0 0.0 0.0 0.0 0.0 0.0 1.0 0.0 0.0 0.0 0.0 0.0 1.0
0.01 0.20267538394980159 -0.5808469348292336 0.7840773772875612 0.5226799464477303 0.5179384219327572 0.015150513479352113 1.0 0.0 0.0 0.0 0.0 0.0 1.0 0.0 0.0 0.0 0.0 0.0 1.0 0.0 0.0 0.0 0.0 0.0 1.0 0.0 0.0 0.0 0.0 0.0 1.0
0.02 0.18998055139002792 -0.5757957951187476 0.7681272504057707 0.5221329050755306 0.5359079041978696 0.015306071012950256 1.0 0.0 0.0 0.0 0.0 0.0 1.0 0.0 0.0 0.0 0.0 0.0 1.0 0.0 0.0 0.0 0.0 0.0 1.0 0.0 0.0 0.0 0.0 0.0 1.0
0.03 0.17727000707344173 -0.570721082980104 0.7521555638192798 0.5215885446654548 0.5539017397209163 0.015466247859417567 1.0 0.0 0.0 0.0 0.0 0.0 1.0 0.0 0.0 0.0 0.0 0.0 1.0 0.0 0.0 0.0 0.0 0.0 1.0 0.0 0.0 0.0 0.0 0.0 1.0
0.04 0.16454831834885528 -0.5656273592722949 0.7361683441940622 0.52104653013612 0.5719131286940331 0.01563061324431737 1.0 0.0 0.0 0.0 0.0 0.0 1.0 0.0 0.0 0.0 0.0 0.0 1.0 0.0 0.0 0.0 0.0 0.0 1.0 0.0 0.0 0.0 0.0 0.0 1.0
0.05 0.1518201051283468 -0.5605192335811414 0.7201716871588268 0.5205065232791514 0.5899351935128389 0.015798737578094923 1.0 0.0 0.0 0.0 0.0 0.0 1.0 0.0 0.0 0.0 0.0 0.0 1.0 0.0 0.0 0.0 0.0 0.0 1.0 0.0 0.0 0.0 0.0 0.0 1.0
0.060000000000000005 0.13909002090745265 -0.5554013453166086 0.7041717322662265 0.5199681841419067 0.6079610070272006 0.01597018294917802 1.0 0.0 0.0 0.0 0.0 0.0 1.0 0.0 0.0 0.0 0.0 0.0 1.0 0.0 0.0 0.0 0.0 0.0 1.0 0.0 0.0 0.0 0.0 0.0 1.0
0.06999999999999999 0.12636274586422114 -0.5502783568432574 0.688174653889253 0.5194311715295784 0.6259836028126315 0.016144516492439403 1.0 0.0 0.0 0.0 0.0 0.0 1.0 0.0 0.0 0.0 0.0 0.0 1.0 0.0 0.0 0.0 0.0 0.0 1.0 0.0 0.0 0.0 0.0 0.0 1.0
0.08 0.11364297423960605 -0.5451549409199995 0.6721866445738782 0.5188951439229824 0.6439959939531494 0.01632131368532911 1.0 0.0 0.0 0.0 0.0 0.0 1.0 0.0 0.0 0.0 0.0 0.0 1.0 0.0 0.0 0.0 0.0 0.0 1.0 0.0 0.0 0.0 0.0 0.0 1.0
0.09 0.10093539951008394 -0.5400357659592087 0.6562138954810373 0.51835976055369 0.6619911951080891 0.01650015680930779 1.0 0.0 0.0 0.0 0.0 0.0 1.0 0.0 0.0 0.0 0.0 0.0 1.0 0.0 0.0 0.0 0.0 0.0 1.0 0.0 0.0 0.0 0.0 0.0 1.0
0.09999999999999999 0.0882446981545026 -0.5349254799154575 0.6402625749771871 0.5178246825758 0.6799622466677516 0.016680629463771798 1.0 0.0 0.0 0.0 0.0 0.0 1.0 0.0 0.0 0.0 0.0 0.0 1.0 0.0 0.0 0.0 0.0 0.0 1.0 0.0 0.0 0.0 0.0 0.0 1.0
0.11 0.0755755243093369 -0.529828704982685 0.6243388215854646 0.5172895734514025 0.697902222706405 0.01686233392599459 1.0 0.0 0.0 0.0 0.0 0.0 1.0 0.0 0.0 0.0 0.0 0.0 1.0 0.0 0.0 0.0 0.0 0.0 1.0 0.0 0.0 0.0 0.0 0.0 1.0
0.12 0.06293249420668201 -0.5247500221579542 0.6084487234623311 0.5167541000721807 0.7158042541381286 0.017044886568701567 1.0 0.0 0.0 0.0 0.0 0.0 1.0 0.0 0.0 0.0 0.0 0.0 1.0 0.0 0.0 0.0 0.0 0.0 1.0 0.0 0.0 0.0 0.0 0.0 1.0
0.13 0.05032017170615118 -0.519693956920585 0.5925982993200662 0.5162179337963005 0.7336615502412953 0.017227914104519654 1.0 0.0 0.0 0.0 0.0 0.0 1.0 0.0 0.0 0.0 0.0 0.0 1.0 0.0 0.0 0.0 0.0 0.0 1.0 0.0 0.0 0.0 0.0 0.0 1.0
0.14 0.037743056755954074 -0.5146649678138564 0.5767934832119784 0.5156807512747497 0.7514674158248341 0.017411055093254392 1.0 0.0 0.0 0.0 0.0 0.0 1.0 0.0 0.0 0.0 0.0 0.0 1.0 0.0 0.0 0.0 0.0 0.0 1.0 0.0 0.0 0.0 0.0 0.0 1.0
0.15000000000000002 0.025205578759870746 -0.5096674398924687 0.5610401157875206 0.5151422349241902 0.7692152610947223 0.017593971949415685 1.0 0.0 0.0 0.0 0.0 0.0 1.0 0.0 0.0 0.0 0.0 0.0 1.0 0.0 0.0 0.0 0.0 0.0 1.0 0.0 0.0 0.0 0.0 0.0 1.0
0.16 0.012712082471743505 -0.5047056707875608 0.5453439256957208 0.5146020739326272 0.786898622635722 0.017776344554622146 1.0 0.0 0.0 0.0 0.0 0.0 1.0 0.0 0.0 0.0 0.0 0.0 1.0 0.0 0.0 0.0 0.0 0.0 1.0 0.0 0.0 0.0 0.0 0.0 1.0
0.17 0.0002668150712286934 -0.49978385797223385 0.5297105125495017 0.5140599651743608 0.804511182631908 0.017957864512068447 1.0 0.0 0.0 0.0 0.0 0.0 1.0 0.0 0.0 0.0 0.0 0.0 1.0 0.0 0.0 0.0 0.0 0.0 1.0 0.0 0.0 0.0 0.0 0.0 1.0
0.18000000000000002 -0.012126080211602134 -0.49490609247749784 0.5141453385219166 0.5135156136617608 0.8220467783482415 0.018138243366791963 1.0 0.0 0.0 0.0 0.0 0.0 1.0 0.0 0.0 0.0 0.0 0.0 1.0 0.0 0.0 0.0 0.0 0.0 1.0 0.0 0.0 0.0 0.0 0.0 1.0
0.19 -0.024462572160284354 -0.49007635096868907 0.4986537177191228 0.5129687331118736 0.8394994141204374 0.018317215432987883 1.0 0.0 0.0 0.0 0.0 0.0 1.0 0.0 0.0 0.0 0.0 0.0 1.0 0.0 0.0 0.0 0.0 0.0 1.0 0.0 0.0 0.0 0.0 0.0 1.0
0.2 -0.036738751747579554 -0.48529848575221346 0.4832408027711848 0.5124190466604015 0.8568632764838081 0.01849453352124524 1.0 0.0 0.0 0.0 0.0 0.0 1.0 0.0 0.0 0.0 0.0 0.0 1.0 0.0 0.0 0.0 0.0 0.0 1.0 0.0 0.0 0.0 0.0 0.0 1.0
0.21000000000000002 -0.04895084179571953 -0.48057621531762307 0.46791157210507933 0.5118662875338585 0.8741327485322933 0.01866996366068876 1.0 0.0 0.0 0.0 0.0 0.0 1.0 0.0 0.0 0.0 0.0 0.0 1.0 0.0 0.0 0.0 0.0 0.0 1.0 0.0 0.0 0.0 0.0 0.0 1.0
0.22 -0.061095199909477836 -0.4759131214682988 0.4526708260807383 0.5113101992532001 0.8913024142779048 0.018843294698751206 1.0 0.0 0.0 0.0 0.0 0.0 1.0 0.0 0.0 0.0 0.0 0.0 1.0 0.0 0.0 0.0 0.0 0.0 1.0 0.0 0.0 0.0 0.0 0.0 1.0
0.23 -0.07316832580689615 -0.47131264218158553 0.43752317733701657 0.5107505361366592 0.9083670695426078 0.019014334990079068 1.0 0.0 0.0 0.0 0.0 0.0 1.0 0.0 0.0 0.0 0.0 0.0 1.0 0.0 0.0 0.0 0.0 0.0 1.0 0.0 0.0 0.0 0.0 0.0 1.0
0.24000000000000002 -0.08516686741929995 -0.4667780656884027 0.4224730427606213 0.5101870637141238 0.9253217310190718 0.019182909947370146 1.0 0.0 0.0 0.0 0.0 0.0 1.0 0.0 0.0 0.0 0.0 0.0 1.0 0.0 0.0 0.0 0.0 0.0 1.0 0.0 0.0 0.0 0.0 0.0 1.0
0.25 -0.09708762590767134 -0.4623125256269091 0.40752463688405655 0.5096195590635791 0.9421616437191096 0.01935500365837479 1.0 0.0 0.0 0.0 0.0 0.0 1.0 0.0 0.0 0.0 0.0 0.0 1.0 0.0 0.0 0.0 0.0 0.0 1.0 0.0 0.0 0.0 0.0 0.0 1.0
0.26 -0.10892755711982627 -0.4579189996491585 0.39268196996935073 0.5090478109060391 0.9588822831355648 0.019526579104996777 1.0 0.0 0.0 0.0 0.0 0.0 1.0 0.0 0.0 0.0 0.0 0.0 1.0 0.0 0.0 0.0 0.0 0.0 1.0 0.0 0.0 0.0 0.0 0.0 1.0
0.27 -0.12068377610821339 -0.45360030511529237 0.3779488420683588 0.508471619897137 0.9754793619432728 0.019696078200711908 1.0 0.0 0.0 0.0 0.0 0.0 1.0 0.0 0.0 0.0 0.0 0.0 1.0 0.0 0.0 0.0 0.0 0.0 1.0 0.0 0.0 0.0 0.0 0.0 1.0
0.28 -0.1323535591528748 -0.4493590972302935 0.3633288403699181 0.5078907987451329 0.9919488329916764 0.01986337847301505 1.0 0.0 0.0 0.0 0.0 0.0 1.0 0.0 0.0 0.0 0.0 0.0 1.0 0.0 0.0 0.0 0.0 0.0 1.0 0.0 0.0 0.0 0.0 0.0 1.0
0.29000000000000004 -0.143934345107022 -0.4451978678169415 0.34882533743659155 0.5073051722870229 1.0082868912938776 0.02002836997528161 1.0 0.0 0.0 0.0 0.0 0.0 1.0 0.0 0.0 0.0 0.0 0.0 1.0 0.0 0.0 0.0 0.0 0.0 1.0 0.0 0.0 0.0 0.0 0.0 1.0
0.3 -0.1554237356848746 -0.44111894511887 0.3344414908343665 0.5067145774921137 1.024489974444121 0.02019095377732855 1.0 0.0 0.0 0.0 0.0 0.0 1.0 0.0 0.0 0.0 0.0 0.0 1.0 0.0 0.0 0.0 0.0 0.0 1.0 0.0 0.0 0.0 0.0 0.0 1.0
0.31 -0.16681949627465 -0.43712449317348523 0.32018024207930645 0.5061188634858474 1.0405547638056272 0.020351043665011656 1.0 0.0 0.0 0.0 0.0 0.0 1.0 0.0 0.0 0.0 0.0 0.0 1.0 0.0 0.0 0.0 0.0 0.0 1.0 0.0 0.0 0.0 0.0 0.0 1.0
0.32 -0.17811955443554536 -0.43321651345488743 0.30604431863571835 0.5055178914119978 1.0564781822555855 0.020508563210701256 1.0 0.0 0.0 0.0 0.0 0.0 1.0 0.0 0.0 0.0 0.0 0.0 1.0 0.0 0.0 0.0 0.0 0.0 1.0 0.0 0.0 0.0 0.0 0.0 1.0
0.33 -0.1893219993031749 -0.4293968455353324 0.29203623470779944 0.5049115343759191 1.0722573932917114 0.02066344705545611 1.0 0.0 0.0 0.0 0.0 0.0 1.0 0.0 0.0 0.0 0.0 0.0 1.0 0.0 0.0 0.0 0.0 0.0 1.0 0.0 0.0 0.0 0.0 0.0 1.0
0.34 -0.2004250799143369 -0.4256671688801893 0.27815829346294396 0.5042996772979627 1.0878897985232892 0.020815640721505775 1.0 0.0 0.0 0.0 0.0 0.0 1.0 0.0 0.0 0.0 0.0 0.0 1.0 0.0 0.0 0.0 0.0 0.0 1.0 0.0 0.0 0.0 0.0 0.0 1.0
0.35000000000000003 -0.21142720292444928 -0.42202900527055165 0.2644125900586663 0.503682216718248 1.1033730342554302 0.020965100155189105 1.0 0.0 0.0 0.0 0.0 0.0 1.0 0.0 0.0 0.0 0.0 0.0 1.0 0.0 0.0 0.0 0.0 0.0 1.0 0.0 0.0 0.0 0.0 0.0 1.0
0.36000000000000004 -0.22232692846640748 -0.4184837230530459 0.2508010171189092 0.5030590604706368 1.118704965309824 0.021111787333750576 1.0 0.0 0.0 0.0 0.0 0.0 1.0 0.0 0.0 0.0 0.0 0.0 1.0 0.0 0.0 0.0 0.0 0.0 1.0 0.0 0.0 0.0 0.0 0.0 1.0
0.37 -0.23312296888086292 -0.4150325384473694 0.23732526641361693 0.5024301275819023 1.1338836831295596 0.021255675307701966 1.0 0.0 0.0 0.0 0.0 0.0 1.0 0.0 0.0 0.0 0.0 0.0 1.0 0.0 0.0 0.0 0.0 0.0 1.0 0.0 0.0 0.0 0.0 0.0 1.0
0.38 -0.24381418461052262 -0.41167651978168013 0.22398683429048205 0.5017953479442341 1.1489074996500752 0.021396746261749377 1.0 0.0 0.0 0.0 0.0 0.0 1.0 0.0 0.0 0.0 0.0 0.0 1.0 0.0 0.0 0.0 0.0 0.0 1.0 0.0 0.0 0.0 0.0 0.0 1.0
0.39 -0.25439957962986337 -0.40841659215729853 0.2107870277160871 0.5011546619603893 1.1637749404826712 0.021534989218449214 1.0 0.0 0.0 0.0 0.0 0.0 1.0 0.0 0.0 0.0 0.0 0.0 1.0 0.0 0.0 0.0 0.0 0.0 1.0 0.0 0.0 0.0 0.0 0.0 1.0
0.4 -0.26487829638655674 -0.40525354257635976 0.19772697095875652 0.5005080201577798 1.1784847373740621 0.021670397183428895 1.0 0.0 0.0 0.0 0.0 0.0 1.0 0.0 0.0 0.0 0.0 0.0 1.0 0.0 0.0 0.0 0.0 0.0 1.0 0.0 0.0 0.0 0.0 0.0 1.0
0.41000000000000003 -0.27524961381781765 -0.4021880219589799 0.18480760820982262 0.49985538303590227 1.1930358252487043 0.021802973985936936 1.0 0.0 0.0 0.0 0.0 0.0 1.0 0.0 0.0 0.0 0.0 0.0 1.0 0.0 0.0 0.0 0.0 0.0 1.0 0.0 0.0 0.0 0.0 0.0 1.0
0.42000000000000004 -0.28551294129118926 -0.39922055131915596 0.1720297115919822 0.4991967205975129 1.2074273331726513 0.021932729945747867 1.0 0.0 0.0 0.0 0.0 0.0 1.0 0.0 0.0 0.0 0.0 0.0 1.0 0.0 0.0 0.0 0.0 0.0 1.0 0.0 0.0 0.0 0.0 0.0 1.0
0.43 -0.2956678126200963 -0.39635152780269345 0.15939388906234975 0.4985320118975661 1.2216585754364009 0.02205967826056178 1.0 0.0 0.0 0.0 0.0 0.0 1.0 0.0 0.0 0.0 0.0 0.0 1.0 0.0 0.0 0.0 0.0 0.0 1.0 0.0 0.0 0.0 0.0 0.0 1.0
0.44 -0.305713881634837 -0.3935812291534332 0.14690059026114957 0.4978612447098486 1.2357290449557543 0.022183836345947165 1.0 0.0 0.0 0.0 0.0 0.0 1.0 0.0 0.0 0.0 0.0 0.0 1.0 0.0 0.0 0.0 0.0 0.0 1.0 0.0 0.0 0.0 0.0 0.0 1.0
0.45 -0.3156509186524531 -0.39090981728524216 0.13455011117468493 0.49718441525889867 1.2496384080104799 0.02230523017711424 1.0 0.0 0.0 0.0 0.0 0.0 1.0 0.0 0.0 0.0 0.0 0.0 1.0 0.0 0.0 0.0 0.0 0.0 1.0 0.0 0.0 0.0 0.0 0.0 1.0
0.46 -0.32547880406179397 -0.3883373447791769 0.12234260260950613 0.49650152773167633 1.263386494682701 0.02242389038176075 1.0 0.0 0.0 0.0 0.0 0.0 1.0 0.0 0.0 0.0 0.0 0.0 1.0 0.0 0.0 0.0 0.0 0.0 1.0 0.0 0.0 0.0 0.0 0.0 1.0
0.47000000000000003 -0.3351975213361361 -0.385863761898079 0.11027807941623617 0.49581259375773246 1.2769732884496436 0.022539846756389596 1.0 0.0 0.0 0.0 0.0 0.0 1.0 0.0 0.0 0.0 0.0 0.0 1.0 0.0 0.0 0.0 0.0 0.0 1.0 0.0 0.0 0.0 0.0 0.0 1.0
0.48000000000000004 -0.34480715406304857 -0.38348891957286874 0.09835642441083618 0.4951176321873565 1.2903989217592515 0.022653134688254445 1.0 0.0 0.0 0.0 0.0 0.0 1.0 0.0 0.0 0.0 0.0 0.0 1.0 0.0 0.0 0.0 0.0 0.0 1.0 0.0 0.0 0.0 0.0 0.0 1.0
0.49 -0.3543078807438803 -0.38121257465072733 0.08657739524251763 0.49441666869936773 1.3036636682810228 0.022763794990595203 1.0 0.0 0.0 0.0 0.0 0.0 1.0 0.0 0.0 0.0 0.0 0.0 1.0 0.0 0.0 0.0 0.0 0.0 1.0 0.0 0.0 0.0 0.0 0.0 1.0
0.5 -0.363699968691125 -0.3790343960432425 0.07494063245192865 0.4937097353428959 1.3167679338138674 0.022871870949062456 1.0 0.0 0.0 0.0 0.0 0.0 1.0 0.0 0.0 0.0 0.0 0.0 1.0 0.0 0.0 0.0 0.0 0.0 1.0 0.0 0.0 0.0 0.0 0.0 1.0
