0
3
4
5
6
9
10
11
13
14
15
16
18
19
21
23
25
28
29
30
33
34
36
38
39
41
42
44
45
50
51
53
54
55
60
61
62
64
65
66
67
68
71
72
73
74
75
76
77
78
79
80
81
82
84
86
88
89
90
93
94
96
99
102
103
105
107
109
111
112
113
116
118
120
122
123
126
131
133
134
138
140
141
142
145
146
150
151
152
153
154
155
156
157
160
163
166
173
174
175
176
177
180
183
185
186
187
193
196
198
199
200
202
203
206
208
213
215
217
221
222
225
230
234
235
236
240
241
243
244
248
253
259
261
264
265
267
268
269
271
272
274
275
276
282
283
285
286
288
289
290
291
292
294
297
298
299
300
301
304
307
308
311
313
315
317
318
321
327
329
330
333
334
335
336
337
338
339
341
344
347
350
351
359
361
366
369
370
374
375
379
381
382
386
388
389
390
392
395
396
397
398
400
402
403
404
407
409
415
419
420
424
425
429
431
435
439
440
441
442
443
445
446
447
448
449
451
452
454
460
461
462
464
469
471
472
475
477
479
481
482
484
486
487
488
489
490
492
493
495
497
498
499
501
507
509
510
511
512
514
519
520
521
522
523
524
527
529
530
533
534
535
538
541
542
543
544
545
546
547
551
552
558
559
560
561
562
566
568
570
571
572
575
576
578
580
581
582
584
587
588
589
590
592
593
594
596
600
601
602
604
607
608
610
611
613
621
622
623
624
625
626
627
628
632
633
634
635
643
644
646
648
649
650
651
654
657
658
660
662
663
664
665
666
667
670
681
691
693
694
698
699
700
711
712
713
715
721
722
724
726
729
736
738
739
741
742
743
745
746
747
748
749
750
752
753
754
756
757
758
759
761
763
764
765
770
771
774
777
780
781
782
784
785
786
787
788
789
791
793
794
795
796
803
804
805
806
807
810
812
813
816
820
823
824
826
827
830
832
838
839
841
842
844
847
848
849
851
852
854
855
857
860
864
865
867
868
871
872
873
874
876
879
880
881
883
884
885
889
894
896
897
899
901
902
903
904
907
908
909
913
915
917
918
920
921
922
928
931
932
935
936
939
940
942
944
945
946
949
951
952
953
954
955
956
957
960
961
962
963
965
967
968
969
970
971
972
973
975
977
978
983
984
985
987
988
990
992
994
996
997
999
1000
1003
1004
1005
1006
1007
1010
1011
1012
1015
1017
1018
1020
1022
1023
1028
1029
1033
1041
1044
1046
1048
1052
1054
1055
1058
1059
1060
1061
1062
1067
1069
1071
1073
1074
1075
1079
1080
1081
1082
1085
1086
1087
1089
1090
1091
1095
1096
1097
1099
1102
1103
1104
1106
1107
1108
1111
1112
1113
1114
1117
1119
1125
1127
1133
1134
1135
1139
1140
1141
1153
1154
1157
1158
1159
1160
1162
1164
1165
1169
1170
1171
1172
1174
1175
1176
1179
1180
1181
1183
1184
1185
1186
1187
1188
1190
1191
1193
1194
1197
1198
1200
1201
1203
1204
1205
1209
1210
1212
1213
1214
1217
1218
1225
1226
1227
1229
1232
1233
1235
1237
1238
1243
1244
1249
1250
1252
1255
1258
1259
1262
1264
1267
1273
1278
1282
1284
1285
1288
1289
1291
1293
1295
1297
1298
1299
1301
1305
1309
1311
1312
1314
1316
1319
1326
1327
1331
1335
1338
1340
1341
1343
1349
1354
1357
1358
1359
1360
1361
1362
1364
1365
1367
1368
1369
1370
1371
1372
1375
1384
1385
1386
1387
1390
1392
1396
1402
1404
1405
1406
1407
1408
1410
1411
1412
1413
1414
1415
1417
1419
1421
1423
1424
1426
1428
1429
1430
1431
1432
1433
1434
1435
1436
1438
1440
1441
1444
1445
1446
1447
1448
1449
1450
1454
1455
1457
1460
1464
1466
1467
1468
1469
1471
1472
1473
1475
1476
1477
1478
1481
1483
1486
1487
1488
1490
1493
1494
1496
1497
1498
1499
1500
1508
1509
1511
1512
1514
1515
1517
1518
1519
1520
1521
1522
1523
1531
1537
1541
1542
1543
1544
1545
1546
1549
1550
1552
1553
1554
1555
1557
1558
1559
1561
1562
1563
1564
1565
1566
1568
1569
1570
1571
1575
1578
1579
1582
1584
1585
1586
1589
1598
1599
1601
1602
1604
1607
1611
1615
1616
1617
1620
1621
1624
1625
1627
1630
1631
1634
1635
1639
1641
1643
1645
1646
1647
1651
1652
1653
1654
1656
1657
1658
1659
1660
1661
1663
1665
1666
1667
1669
1671
1672
1674
1676
1677
1680
1682
1683
1691
1692
1694
1695
1697
1698
1699
1702
1703
1705
1706
1707
1710
1711
1712
1714
1716
1717
1719
1721
1722
1726
1728
1729
1734
1743
1744
1746
1748
1750
1751
1753
1755
1757
1758
1761
1770
1773
1774
1778
1780
1781
1783
1785
1788
1792
1793
1795
1796
1797
1801
1802
1805
1806
1809
1814
1817
1818
1824
1825
1826
1827
1829
1836
1841
1842
1843
1844
1845
1847
1849
1851
1853
1854
1855
1857
1860
1861
1867
1869
1870
1871
1873
1874
1875
1877
1879
1881
1882
1891
1892
1894
1896
1897
1899
1900
1901
1903
1907
1909
1910
1912
1913
1914
1915
1917
1920
1922
1923
1925
1928
1931
1932
1938
1940
1942
1943
1946
1948
1949
1950
1951
1952
1956
1958
1959
1961
1962
1965
1966
1967
1970
1972
1974
1976
1978
1982
1988
1991
1993
1995
1997
2001
2003
2006
2007
2008
2009
2011
2012
2013
2014
2015
2016
2021
2022
2023
2024
2028
2031
2032
2037
2038
2040
2041
2043
2045
2048
2053
2054
2056
2057
2060
2064
2069
2071
2072
2073
2076
2080
2081
2082
2086
2087
2090
2092
2093
2094
2095
2097
2099
2101
2102
2103
2104
2105
2107
2109
2112
2113
2116
2118
2122
2123
2124
2127
2132
2133
2134
2137
2140
2143
2146
2147
2149
2150
2152
2153
2156
2158
2162
2163
2164
2170
2174
2175
2176
2179
2180
2182
2183
2184
2185
2190
2193
2194
2196
2197
2199
2200
2202
2203
2205
2207
2209
2211
2212
2215
2217
2218
2220
2221
2223
2224
2227
2229
2235
2236
2237
2238
2239
2240
2244
2245
2247
2249
2252
2254
2256
2257
2258
2260
2261
2263
2264
2265
2266
2267
2269
2270
2272
2275
2277
2281
2282
2284
2286
2289
2290
2295
2296
2297
2298
2301
2306
2308
2309
2311
2313
2315
2317
2318
2319
2322
2326
2328
2329
2333
2337
2338
2339
2340
2341
2345
2346
2347
2349
2351
2353
2356
2357
2358
2361
2364
2367
2368
2369
2370
2373
2374
2378
2380
2388
2393
2394
2397
2398
2402
2406
2407
2408
2409
2410
2411
2416
2417
2418
2424
2428
2429
2430
2431
2435
2436
2439
2443
2445
2446
2448
2450
2455
2456
2457
2458
2459
2460
2461
2462
2465
2467
2468
2469
2471
2473
2474
2475
2476
2477
2478
2479
2480
2482
2484
2485
2487
2488
2489
2490
2492
2496
2501
2502
2503
2504
2505
2507
2512
2517
2518
2527
2528
2534
2536
2537
2541
2546
2548
2549
2552
2553
2556
2559
2560
2561
2564
2565
2568
2569
2571
2576
2578
2580
2581
2583
2584
2587
2589
2591
2593
2600
2602
2607
2610
2614
2615
2619
2621
2622
2623
2625
2626
2627
2629
2630
2631
2636
2640
2641
2643
2644
2647
2648
2649
2652
2656
2658
2659
2663
2664
2665
2666
2668
2672
2674
2679
2682
2683
2684
2686
2687
2688
2689
2691
2692
2693
2694
2695
2699
2700
2707
2709
2710
2711
2712
2715
2724
2725
2726
2727
2730
2732
2734
2739
2741
2742
2743
2744
2745
2747
2748
2750
2753
2756
2760
2761
2763
2766
2772
2775
2776
2778
2779
2781
2782
2783
2787
2790
2791
2792
2793
2795
2796
2797
2801
2802
2803
2807
2811
2812
2813
2816
2817
2819
2820
2826
2827
2830
2833
2834
2836
2839
2844
2846
2849
2850
2853
2857
2858
2864
2865
2870
2872
2876
2879
2880
2881
2882
2883
2885
2887
2891
2892
2893
2896
2897
2901
2903
2904
2905
2907
2908
2909
2911
2913
2915
2916
2917
2918
2919
2921
2922
2924
2926
2929
2931
2933
2936
2937
2938
2941
2942
2946
2949
2951
2952
2953
2960
2962
2964
2967
2968
2969
2971
2973
2979
2980
2982
2983
2986
2990
2991
2992
2993
2994
2996
3000
3001
3002
3004
3007
3008
3009
3010
3011
3014
3015
3017
3020
3021
3022
3024
3027
3028
3030
3034
3035
3036
3037
3039
3041
3044
3045
3046
3048
3050
3051
3055
3056
3057
3060
3061
3062
3064
3065
3070
3071
3074
3078
3082
3086
3087
3090
3091
3093
3096
3099
3100
3103
3104
3105
3109
3111
3112
3113
3118
3121
3122
3123
3124
3125
3126
3128
3130
3131
3134
3135
3136
3137
3140
3142
3143
3145
3150
3152
3153
3155
3156
3157
3162
3163
3167
3169
3170
3173
3175
3176
3177
3179
3182
3184
3189
3194
3197
3198
3199
3203
3205
3207
3210
3212
3213
3214
3221
3224
3225
3227
3231
3232
3233
3237
3238
3239
3244
3245
3248
3249
3252
3253
3254
3256
3259
3260
3261
3263
3265
3266
3268
3269
3270
3272
3273
3274
3276
3277
3278
3279
3281
3282
3285
3286
3290
3291
3295
3300
3303
3305
3307
3308
3313
3316
3317
3318
3320
3326
3328
3329
3331
3332
3335
3336
3338
3339
3341
3347
3348
3350
3351
3352
3356
3358
3359
3362
3365
3367
3368
3372
3374
3377
3378
3380
3383
3384
3387
3388
3389
3394
3395
3399
3401
3403
3404
3405
3406
3407
3410
3418
3419
3421
3423
3424
3425
3427
3429
3430
3431
3432
3435
3436
3441
3447
3448
3449
3453
3454
3455
3458
3460
3462
3465
3466
3467
3468
3477
3479
3480
3484
3485
3486
3488
3494
3497
3499
3500
3504
3505
3506
3510
3512
3515
3516
3517
3518
3521
3522
3527
3529
3530
3531
3533
3536
3538
3539
3540
3541
3543
3545
3546
3547
3548
3549
3556
3558
3559
3563
3564
3565
3567
3568
3575
3576
3578
3583
3584
3585
3586
3587
3588
3590
3591
3592
3593
3597
3599
3603
3604
3606
3608
3609
3611
3612
3616
3619
3621
3623
3625
3630
3633
3634
3635
3638
3639
3642
3643
3644
3648
3649
3650
3651
3652
3655
3656
3659
3660
3661
3664
3665
3667
3670
3671
3683
3684
3685
3687
3689
3691
3695
3698
3701
3705
3706
3707
3709
3717
3718
3720
3722
3724
3727
3729
3730
3732
3734
3737
3739
3740
3742
3745
3748
3750
3751
3754
3756
3759
3760
3761
3762
3763
3765
3767
3768
3769
3775
3776
3777
3780
3781
3783
3784
3785
3788
3800
3803
3805
3808
3810
3813
3814
3815
3817
3818
3825
3826
3827
3829
3830
3831
3832
3833
3836
3837
3838
3839
3841
3842
3844
3845
3846
3850
3852
3858
3861
3863
3865
3866
3869
3870
3873
3874
3877
3878
3881
3886
3888
3889
3890
3891
3893
3894
3895
3897
3898
3904
3905
3907
3908
3910
3911
3912
3914
3916
3918
3922
3925
3927
3930
3931
3932
3933
3934
3936
3938
3939
3942
3944
3945
3946
3947
3950
3951
3954
3955
3958
3960
3961
3962
3965
3966
3971
3972
3974
3975
3976
3979
3981
3984
3985
3986
3987
3992
3994
3999
4006
4008
4009
4010
4011
4015
4018
4019
4020
4021
4022
4027
4030
4031
4032
4033
4035
4037
4040
4045
4046
4047
4049
4057
4059
4060
4061
4062
4063
4064
4067
4070
4072
4073
4074
4075
4076
4079
4080
4086
4087
4091
4092
4096
4101
4103
4104
4105
4110
4113
4115
4117
4123
4129
4130
4131
4132
4133
4138
4141
4142
4143
4144
4145
4146
4149
4150
4151
4153
4159
4160
4162
4165
4168
4169
4171
4172
4174
4177
4179
4180
4182
4185
4186
4187
4188
4194
4195
4196
4200
4201
4202
4205
4206
4207
4208
4212
4213
4214
4216
4219
4221
4222
4223
4232
4233
4234
4235
4239
4243
4245
4247
4248
4249
4252
4253
4254
4255
4256
4259
4260
4263
4265
4270
4272
4274
4275
4278
4279
4280
4283
4284
4288
4292
4293
4295
4298
4300
4301
4305
4306
4308
4314
4316
4317
4318
4321
4322
4323
4324
4325
4326
4328
4330
4333
4335
4337
4338
4340
4343
4344
4346
4347
4348
4349
4350
4351
4359
4362
4365
4366
4368
4373
4374
4377
4379
4380
4382
4384
4385
4387
4388
4389
4390
4396
4397
4399
4401
4402
4405
4406
4407
4409
4411
4412
4413
4415
4417
4419
4420
4422
4425
4426
4428
4431
4433
4434
4435
4436
4437
4439
4440
4441
4443
4444
4446
4451
4452
4453
4454
4455
4456
4457
4459
4460
4461
4466
4467
4470
4474
4475
4478
4479
4480
4482
4487
4488
4489
4491
4492
4493
4494
4496
4498
4500
4501
4502
4504
4505
4506
4507
4509
4510
4511
4514
4515
4522
4524
4527
4529
4531
4532
4535
4536
4537
4539
4543
4544
4545
4548
4551
4560
4561
4563
4564
4567
4568
4569
4572
4573
4575
4576
4579
4580
4581
4586
4591
4592
4593
4594
4595
4597
4598
4601
4604
4609
4611
4613
4616
4621
4622
4623
4629
4633
4635
4636
4638
4640
4645
4647
4648
4649
4651
4653
4656
4660
4662
4663
4664
4665
4666
4667
4668
4670
4671
4673
4674
4680
4683
4685
4688
4689
4690
4692
4694
4696
4697
4698
4701
4702
4704
4706
4707
4708
4711
4712
4713
4714
4715
4716
4717
4719
4722
4725
4727
4729
4733
4734
4735
4736
4737
4739
4741
4742
4743
4746
4751
4753
4755
4760
4761
4762
4763
4764
4768
4769
4770
4771
4772
4773
4776
4778
4779
4780
4781
4785
4788
4789
4791
4802
4806
4807
4810
4812
4813
4817
4821
4822
4824
4827
4828
4829
4831
4835
4837
4838
4839
4840
4841
4842
4843
4847
4848
4853
4854
4855
4856
4858
4860
4863
4866
4869
4870
4874
4875
4877
4878
4879
4881
4886
4888
4891
4893
4894
4895
4896
4898
4901
4902
4903
4905
4907
4909
4912
4914
4916
4918
4919
4923
4928
4930
4935
4936
4937
4940
4941
4944
4946
4948
4949
4950
4952
4957
4958
4959
4961
4969
4974
4976
4977
4978
4979
4985
4987
4988
4989
4998
4999
5001
5002
5004
5007
5008
5009
5010
5014
5015
5018
5019
5020
5022
5024
5026
5027
5029
5030
5034
5035
5036
5037
5039
5041
5042
5047
5049
5051
5055
5056
5058
5059
5060
5061
5064
5071
5072
5075
5076
5077
5078
5079
5080
5081
5083
5087
5090
5091
5092
5094
5095
5097
5099
5100
5105
5110
5111
5113
5115
5116
5118
5121
5124
5127
5131
5132
5135
5136
5137
5138
5139
5140
5142
5145
5148
5149
5152
5153
5154
5156
5157
5158
5160
5161
5164
5165
5167
5168
5170
5173
5174
5179
5187
5188
5189
5190
5191
5199
5200
5201
5202
5203
5204
5205
5208
5209
5214
5216
5217
5220
5221
5225
5226
5228
5230
5233
5234
5237
5240
5242
5243
5244
5247
5248
5249
5250
5251
5252
5253
5254
5255
5256
5258
5259
5262
5263
5264
5265
5266
5270
5271
5273
5276
5282
5284
5285
5286
5288
5291
5293
5294
5295
5296
5299
5300
5301
5302
5307
5308
5310
5312
5317
5318
5319
5320
5322
5323
5325
5326
5327
5331
5333
5334
5336
5339
5342
5345
5347
5348
5352
5355
5356
5357
5358
5359
5360
5363
5364
5367
5369
5371
5375
5377
5381
5382
5383
5384
5386
5389
5390
5394
5395
5400
5402
5403
5406
5409
5412
5414
5415
5418
5420
5422
5427
5429
5430
5434
5436
5439
5440
5441
5442
5445
5447
5448
5449
5451
5452
5453
5454
5456
5457
5465
5466
5467
5471
5473
5474
5476
5478
5480
5484
5488
5490
5491
5494
5495
5499
5501
5502
5508
5510
5512
5513
5514
5516
5517
5518
5521
5523
5524
5526
5527
5528
5532
5533
5534
5536
5537
5538
5539
5541
5542
5546
5548
5551
5552
5553
5554
5556
5558
5561
5563
5564
5567
5568
5569
5570
5575
5576
5577
5578
5579
5583
5585
5586
5587
5589
5594
5596
5599
5601
5604
5605
5608
5612
5615
5616
5617
5622
5623
5624
5625
5629
5631
5635
5637
5638
5641
5644
5647
5648
5651
5652
5653
5658
5660
5662
5664
5666
5668
5669
5673
5675
5676
5679
5682
5684
5685
5686
5687
5688
5690
5691
5692
5693
5694
5695
5698
5699
5704
5706
5707
5708
5709
5711
5712
5713
5714
5715
5716
5717
5718
5721
5722
5723
5724
5727
5728
5732
5733
5734
5735
5743
5745
5748
5753
5755
5757
5758
5759
5760
5761
5763
5764
5765
5766
5767
5768
5770
5772
5775
5777
5778
5780
5784
5785
5788
5789
5790
5791
5793
5796
5798
5802
5804
5805
5807
5808
5810
5813
5814
5815
5816
5818
5821
5823
5828
5829
5834
5836
5842
5843
5845
5846
5851
5854
5857
5859
5860
5861
5863
5866
5867
5868
5869
5871
5877
5880
5882
5885
5891
5892
5894
5895
5897
5898
5899
5903
5905
5907
5911
5913
5914
5916
5920
5921
5922
5927
5928
5929
5935
5937
5938
5941
5942
5945
5947
5948
5949
5951
5953
5954
5958
5961
5965
5966
5967
5968
5970
5973
5974
5975
5977
5980
5985
5988
5989
5990
5992
5995
5998
6004
6005
6007
6013
6020
6021
6022
6024
6025
6026
6027
6028
6029
6032
6033
6034
6036
6037
6038
6039
6044
6046
6047
6049
6052
6053
6055
6056
6057
6058
6059
6061
6067
6072
6073
6076
6078
6079
6080
6082
6084
6088
6090
6092
6094
6096
6097
6098
6099
6100
6101
6102
6103
6104
6106
6107
6114
6115
6117
6118
6120
6125
6126
6128
6131
6133
6139
6140
6141
6144
6148
6149
6150
6152
6155
6159
6160
6161
6162
6166
6168
6170
6173
6176
6182
6183
6184
6185
6186
6188
6189
6192
6193
6194
6195
6197
6198
6199
6200
6206
6208
6209
6211
6215
6216
6217
6219
6221
6224
6226
6238
6239
6244
6246
6252
6255
6256
6258
6259
6261
6262
6263
6264
6265
6266
6267
6268
6269
6274
6275
6278
6279
6281
6282
6283
6286
6287
6288
6291
6294
6295
6296
6297
6300
6302
6304
6305
6306
6311
6312
6314
6316
6318
6319
6320
6321
6323
6328
6330
6331
6332
6335
6336
6337
6340
6342
6346
6347
6348
6351
6352
6354
6355
6356
6358
6359
6360
6362
6363
6365
6368
6372
6373
6374
6376
6377
6379
6384
6386
6388
6389
6393
6395
6398
6403
6404
6405
6409
6411
6413
6415
6416
6418
6420
6421
6426
6427
6428
6430
6432
6433
6435
6437
6445
6447
6448
6449
6450
6451
6452
6458
6459
6461
6462
6463
6464
6465
6467
6468
6470
6471
6473
6474
6476
6478
6480
6482
6483
6484
6485
6487
6492
6493
6495
6496
6497
6502
6503
6506
6508
6515
6516
6517
6518
6521
6523
6524
6525
6527
6529
6531
6532
6534
6535
6536
6539
6540
6546
6547
6548
6550
6551
6552
6554
6557
6560
6567
6572
6574
6577
6578
6579
6582
6583
6584
6585
6586
6588
6589
6590
6592
6593
6594
6596
6597
6601
6602
6607
6609
6610
6613
6618
6619
6620
6621
6622
6624
6626
6628
6630
6633
6637
6638
6639
6642
6643
6644
6645
6648
6650
6651
6652
6654
6659
6663
6664
6667
6668
6672
6676
6677
6678
6681
6682
6683
6686
6688
6690
6691
6692
6693
6695
6699
6700
6701
6707
6708
6710
6711
6712
6716
6718
6719
6720
6725
6727
6728
6730
6731
6733
6734
6735
6737
6738
6739
6744
6745
6749
6751
6752
6754
6755
6758
6760
6765
6766
6767
6768
6769
6770
6773
6775
6776
6778
6779
6784
6785
6787
6788
6789
6794
6796
6797
6798
6801
6802
6803
6805
6806
6807
6810
6811
6812
6814
6816
6817
6818
6823
6824
6826
6831
6833
6834
6838
6841
6843
6846
6847
6850
6851
6856
6860
6861
6863
6873
6875
6878
6884
6885
6886
6888
6890
6891
6894
6896
6897
6902
6903
6906
6907
6908
6910
6911
6918
6921
6923
6925
6926
6928
6929
6934
6935
6937
6939
6940
6942
6943
6944
6945
6946
6947
6952
6954
6955
6956
6963
6964
6966
6971
6972
6977
6978
6981
6984
6989
6990
6996
6998
6999
7006
7007
7008
7010
7011
7012
7013
7015
7016
7018
7019
7020
7022
7025
7029
7031
7032
7033
7034
7039
7042
7043
7046
7047
7049
7052
7053
7056
7057
7058
7060
7061
7064
7065
7069
7070
7071
7072
7073
7075
7076
7078
7083
7086
7089
7091
7092
7094
7096
7098
7101
7102
7105
7106
7109
7111
7113
7114
7116
7118
7122
7123
7127
7130
7131
7132
7134
7135
7136
7137
7138
7140
7142
7143
7144
7145
7146
7148
7151
7153
7154
7156
7158
7159
7160
7164
7165
7166
7167
7169
7171
7173
7175
7176
7180
7190
7191
7192
7193
7194
7195
7196
7199
7202
7204
7206
7208
7209
7215
7219
7220
7223
7225
7226
7227
7230
7232
7234
7237
7244
7248
7250
7251
7252
7253
7254
7256
7258
7259
7264
7268
7270
7271
7273
7274
7276
7277
7279
7282
7284
7285
7287
7288
7291
7292
7294
7295
7296
7297
7299
7302
7307
7308
7312
7313
7316
7317
7320
7321
7322
7323
7324
7325
7327
7328
7329
7331
7332
7333
7334
7337
7338
7339
7341
7342
7346
7347
7349
7352
7354
7355
7357
7359
7361
7362
7363
7364
7365
7368
7369
7371
7373
7376
7379
7380
7381
7382
7385
7387
7388
7391
7392
7396
7397
7399
7400
7403
7405
7407
7410
7412
7413
7418
7423
7424
7426
7427
7428
7430
7431
7433
7434
7436
7438
7442
7445
7447
7448
7450
7451
7452
7454
7456
7459
7460
7466
7467
7468
7472
7473
7474
7475
7476
7479
7481
7483
7484
7485
7487
7488
7492
7494
7495
7497
7499
7503
7505
7506
7510
7511
7512
7513
7514
7515
7516
7520
7521
7525
7528
7529
7533
7534
7537
7538
7540
7541
7543
7544
7547
7550
7551
7555
7560
7561
7563
7565
7566
7567
7570
7575
7576
7578
7579
7580
7581
7585
7587
7591
7592
7593
7595
7598
7601
7603
7604
7607
7610
7612
7613
7614
7616
7617
7618
7619
7621
7622
7623
7624
7626
7629
7631
7633
7634
7635
7639
7640
7642
7644
7645
7647
7651
7652
7653
7658
7659
7660
7661
7664
7670
7671
7672
7673
7677
7679
7682
7683
7684
7686
7688
7690
7693
7694
7695
7696
7698
7699
7700
7702
7706
7708
7715
7716
7718
7719
7724
7725
7727
7729
7731
7732
7733
7736
7738
7739
7741
7745
7754
7755
7757
7758
7759
7764
7765
7768
7770
7775
7776
7777
7781
7782
7786
7787
7788
7789
7790
7791
7796
7798
7800
7801
7802
7804
7806
7807
7808
7810
7811
7812
7814
7817
7818
7819
7820
7823
7824
7828
7832
7833
7835
7836
7837
7838
7840
7844
7845
7855
7857
7858
7862
7863
7866
7869
7870
7872
7873
7874
7876
7877
7878
7882
7883
7887
7890
7891
7894
7897
7898
7899
7900
7902
7903
7905
7906
7908
7919
7920
7922
7925
7928
7929
7934
7936
7937
7938
7943
7944
7946
7948
7950
7953
7957
7960
7963
7965
7966
7968
7970
7971
7973
7975
7979
7981
7982
7984
7985
7987
7988
7990
7991
7992
7994
7995
7996
7999
8000
8001
8008
8010
8011
8013
8014
8015
8017
8018
8021
8024
8027
8030
8032
8033
8037
8038
8039
8040
8045
8048
8049
8052
8053
8054
8056
8059
8061
8064
8065
8067
8068
8070
8072
8074
8075
8077
8080
8081
8082
8083
8084
8085
8088
8089
8094
8095
8096
8098
8103
8107
8109
8111
8113
8117
8121
8123
8124
8130
8133
8137
8138
8143
8146
8149
8150
8151
8152
8154
8155
8157
8159
8163
8164
8165
8167
8168
8169
8170
8173
8174
8178
8179
8180
8181
8183
8185
8186
8188
8194
8199
8203
8206
8207
8210
8211
8213
8215
8217
8220
8221
8223
8230
8237
8238
8240
8242
8244
8246
8247
8250
8251
8252
8253
8254
8255
8256
8257
8260
8262
8263
8264
8265
8266
8270
8271
8283
8284
8285
8287
8297
8299
8303
8309
8311
8313
8315
8316
8318
8323
8324
8327
8328
8329
8330
8332
8334
8338
8339
8340
8341
8343
8346
8347
8348
8350
8353
8358
8359
8360
8365
8367
8369
8373
8377
8380
8382
8388
8390
8392
8393
8394
8395
8396
8398
8399
8400
8402
8404
8406
8407
8408
8409
8411
8413
8414
8415
8416
8418
8423
8426
8427
8429
8430
8431
8434
8436
8437
8439
8440
8441
8442
8444
8446
8449
8452
8453
8455
8458
8459
8460
8461
8463
8464
8465
8466
8467
8469
8472
8477
8479
8481
8483
8485
8486
8488
8493
8494
8495
8497
8498
8500
8501
8502
8504
8505
8507
8509
8512
8515
8517
8518
8519
8520
8523
8524
8526
8529
8531
8533
8534
8538
8543
8544
8545
8547
8549
8550
8551
8554
8555
8559
8560
8561
8565
8567
8568
8570
8571
8572
8575
8579
8581
8582
8583
8584
8585
8586
8588
8590
8595
8603
8605
8606
8607
8608
8609
8610
8611
8612
8614
8619
8622
8623
8624
8625
8630
8635
8636
8637
8638
8640
8643
8647
8648
8649
8652
8656
8657
8658
8659
8667
8673
8674
8675
8676
8683
8686
8694
8695
8696
8700
8702
8704
8705
8706
8707
8709
8710
8712
8713
8714
8716
8717
8718
8721
8722
8724
8725
8726
8729
8731
8733
8734
8735
8738
8744
8745
8747
8750
8751
8752
8754
8755
8756
8763
8764
8765
8768
8769
8771
8772
8776
8777
8780
8783
8784
8787
8789
8791
8792
8793
8794
8796
8798
8799
8800
8802
8803
8807
8808
8814
8816
8818
8819
8820
8821
8822
8823
8826
8829
8831
8832
8834
8835
8836
8838
8839
8842
8843
8845
8846
8849
8850
8851
8852
8853
8856
8858
8860
8862
8864
8865
8867
8870
8871
8873
8874
8878
8879
8880
8884
8885
8887
8888
8889
8892
8893
8894
8895
8896
8897
8898
8902
8904
8905
8907
8910
8913
8914
8915
8917
8919
8920
8921
8922
8923
8924
8925
8926
8927
8929
8933
8937
8938
8942
8945
8946
8947
8949
8950
8951
8953
8954
8959
8960
8961
8963
8965
8969
8970
8973
8974
8976
8979
8980
8984
8986
8987
8989
8991
8992
8994
8995
8997
8998
8999
9001
9002
9004
9005
9006
9008
9014
9015
9016
9017
9019
9023
9024
9025
9026
9032
9034
9037
9042
9046
9051
9052
9053
9055
9058
9060
9062
9066
9067
9070
9072
9074
9075
9076
9077
9081
9083
9084
9086
9087
9089
9090
9091
9095
9097
9098
9101
9102
9103
9104
9105
9106
9108
9109
9110
9111
9112
9114
9115
9116
9120
9121
9125
9128
9129
9135
9136
9138
9140
9141
9142
9145
9146
9150
9152
9155
9156
9157
9159
9160
9161
9166
9167
9168
9172
9175
9176
9177
9179
9181
9182
9183
9184
9186
9187
9188
9190
9191
9194
9195
9198
9200
9202
9203
9205
9207
9208
9211
9212
9214
9219
9220
9221
9222
9224
9228
9232
9234
9235
9236
9240
9241
9242
9243
9245
9247
9249
9250
9251
9252
9255
9256
9258
9259
9261
9263
9265
9266
9270
9271
9272
9273
9274
9275
9276
9278
9279
9283
9284
9285
9286
9287
9289
9293
9297
9298
9299
9300
9302
9303
9306
9307
9308
9309
9312
9314
9315
9318
9320
9325
9326
9327
9328
9330
9331
9333
9339
9343
9347
9351
9354
9359
9364
9365
9368
9371
9372
9373
9378
9379
9382
9383
9388
9389
9390
9392
9394
9397
9399
9400
9401
9405
9408
9409
9410
9411
9412
9413
9416
9419
9420
9422
9424
9425
9427
9430
9434
9438
9441
9450
9451
9455
9456
9457
9459
9462
9466
9468
9469
9470
9472
9473
9474
9476
9477
9480
9485
9486
9487
9489
9490
9494
9495
9498
9499
9502
9504
9507
9508
9510
9511
9513
9519
9523
9524
9525
9530
9531
9532
9533
9534
9540
9542
9543
9544
9545
9547
9548
9549
9550
9553
9556
9557
9561
9564
9565
9568
9569
9570
9571
9574
9575
9577
9579
9585
9587
9588
9589
9590
9592
9595
9598
9600
9607
9608
9610
9613
9614
9615
9617
9621
9623
9624
9626
9628
9630
9631
9632
9634
9636
9637
9638
9642
9644
9648
9650
9651
9655
9659
9660
9662
9664
9666
9667
9671
9672
9674
9677
9680
9681
9682
9687
9689
9692
9693
9695
9697
9698
9700
9701
9703
9705
9706
9711
9712
9714
9715
9717
9718
9719
9721
9724
9727
9728
9730
9739
9742
9745
9747
9749
9754
9762
9766
9767
9768
9769
9771
9773
9776
9778
9779
9781
9785
9789
9794
9796
9799
9802
9803
9806
9807
9808
9810
9811
9813
9814
9817
9818
9819
9821
9822
9825
9826
9828
9829
9830
9831
9833
9834
9835
9836
9837
9839
9843
9845
9846
9847
9855
9863
9864
9865
9867
9869
9870
9872
9874
9879
9880
9885
9887
9889
9890
9895
9897
9898
9906
9907
9908
9913
9914
9915
9916
9919
9920
9921
9925
9927
9929
9931
9933
9935
9936
9938
9942
9943
9945
9952
9954
9956
9958
9963
9965
9966
9971
9972
9974
9977
9980
9981
9986
9988
9990
9992
9995
9999
