0 0.21535 -0.58587 0.8 0.52323 0.5 0.01 1.0 0.0 0.0 0.0 0.0 0.0 1.0 0.0 0.0 0.0 0.0 0.0 1.0 0.0 0.0 0.0 0.0 0.0 1.0 0.0 0.0 0.0 0.0 0.0 1.0
0.01 0.20267538394980159 -0.5808469348292336 0.7840773772875612 0.5226799464477303 0.5179384219327572 0.015150513479352113 1.0 0.0 0.0 0.0 0.0 0.0 1.0 0.0 0.0 0.0 0.0 0.0 1.0 0.0 0.0 0.0 0.0 0.0 1.0 0.0 0.0 0.0 0.0 0.0 1.0
0.02 0.18998055139002792 -0.5757957951187476 0.7681272504057707 0.5221329050755306 0.5359079041978696 0.015306071012950256 1.0 0.0 0.0 0.0 0.0 0.0 1.0 0.0 0.0 0.0 0.0 0.0 1.0 0.0 0.0 0.0 0.0 0.0 1.0 0.0 0.0 0.0 0.0 0.0 1.0
0.03 0.17727000707344173 -0.570721082980104 0.7521555638192798 0.5215885446654548 0.5539017397209163 0.015466247859417567 1.0 0.0 0.0 0.0 0.0 0.0 1.0 0.0 0.0 0.0 0.0 0.0 1.0 0.0 0.0 0.0 0.0 0.0 1.0 0.0 0.0 0.0 0.0 0.0 1.0
0.04 0.16454831834885528 -0.5656273592722949 0.7361683441940622 0.52104653013612 0.5719131286940331 0.01563061324431737 1.0 0.0 0.0 0.0 0.0 0.0 1.0 0.0 0.0 0.0 0.0 0.0 1.0 0.0 0.0 0.0 0.0 0.0 1.0 0.0 0.0 0.0 0.0 0.0 1.0
0.05 0.1518201051283468 -0.5605192335811414 0.7201716871588268 0.5205065232791514 0.5899351935128389 0.015798737578094923 1.0 0.0 0.0 0.0 0.0 0.0 1.0 0.0 0.0 0.0 0.0 0.0 1.0 0.0 0.0 0.0 0.0 0.0 1.0 0.0 0.0 0.0 0.0 0.0 1.0
0.060000000000000005 0.13909002090745265 -0.5554013453166086 0.7041717322662265 0.5199681841419067 0.6079610070272006 0.01597018294917802 1.0 0.0 0.0 0.0 0.0 0.0 1.0 0.0 0.0 0.0 0.0 0.0 1.0 0.0 0.0 0.0 0.0 0.0 1.0 0.0 0.0 0.0 0.0 0.0 1.0
0.06999999999999999 0.12636274586422114 -0.5502783568432574 0.688174653889253 0.5194311715295784 0.6259836028126315 0.016144516492439403 1.0 0.0 0.0 0.0 0.0 0.0 1.0 0.0 0.0 0.0 0.0 0.0 1.0 0.0 0.0 0.0 0.0 0.0 1.0 0.0 0.0 0.0 0.0 0.0 1.0
0.08 0.11364297423960605 -0.5451549409199995 0.6721866445738782 0.5188951439229824 0.6439959939531494 0.01632131368532911 1.0 0.0 0.0 0.0 0.0 0.0 1.0 0.0 0.0 0.0 0.0 0.0 1.0 0.0 0.0 0.0 0.0 0.0 1.0 0.0 0.0 0.0 0.0 0.0 1.0
0.09 0.10093539951008394 -0.5400357659592087 0.6562138954810373 0.51835976055369 0.6619911951080891 0.01650015680930779 1.0 0.0 0.0 0.0 0.0 0.0 1.0 0.0 0.0 0.0 0.0 0.0 1.0 0.0 0.0 0.0 0.0 0.0 1.0 0.0 0.0 0.0 0.0 0.0 1.0
0.09999999999999999 0.0882446981545026 -0.5349254799154575 0.6402625749771871 0.5178246825758 0.6799622466677516 0.016680629463771798 1.0 0.0 0.0 0.0 0.0 0.0 1.0 0.0 0.0 0.0 0.0 0.0 1.0 0.0 0.0 0.0 0.0 0.0 1.0 0.0 0.0 0.0 0.0 0.0 1.0
0.11 0.0755755243093369 -0.529828704982685 0.6243388215854646 0.5172895734514025 0.697902222706405 0.01686233392599459 1.0 0.0 0.0 0.0 0.0 0.0 1.0 0.0 0.0 0.0 0.0 0.0 1.0 0.0 0.0 0.0 0.0 0.0 1.0 0.0 0.0 0.0 0.0 0.0 1.0
0.12 0.06293249420668201 -0.5247500221579542 0.6084487234623311 0.5167541000721807 0.7158042541381286 0.017044886568701567 1.0 0.0 0.0 0.0 0.0 0.0 1.0 0.0 0.0 0.0 0.0 0.0 1.0 0.0 0.0 0.0 0.0 0.0 1.0 0.0 0.0 0.0 0.0 0.0 1.0
0.13 0.05032017170615118 -0.519693956920585 0.5925982993200662 0.5162179337963005 0.7336615502412953 0.017227914104519654 1.0 0.0 0.0 0.0 0.0 0.0 1.0 0.0 0.0 0.0 0.0 0.0 1.0 0.0 0.0 0.0 0.0 0.0 1.0 0.0 0.0 0.0 0.0 0.0 1.0
0.14 0.037743056755954074 -0.5146649678138564 0.5767934832119784 0.5156807512747497 0.7514674158248341 0.017411055093254392 1.0 0.0 0.0 0.0 0.0 0.0 1.0 0.0 0.0 0.0 0.0 0.0 1.0 0.0 0.0 0.0 0.0 0.0 1.0 0.0 0.0 0.0 0.0 0.0 1.0
0.15000000000000002 0.025205578759870746 -0.5096674398924687 0.5610401157875206 0.5151422349241902 0.7692152610947223 0.017593971949415685 1.0 0.0 0.0 0.0 0.0 0.0 1.0 0.0 0.0 0.0 0.0 0.0 1.0 0.0 0.0 0.0 0.0 0.0 1.0 0.0 0.0 0.0 0.0 0.0 1.0
0.16 0.012712082471743505 -0.5047056707875608 0.5453439256957208 0.5146020739326272 0.786898622635722 0.017776344554622146 1.0 0.0 0.0 0.0 0.0 0.0 1.0 0.0 0.0 0.0 0.0 0.0 1.0 0.0 0.0 0.0 0.0 0.0 1.0 0.0 0.0 0.0 0.0 0.0 1.0
0.17 0.0002668150712286823 -0.49978385797223385 0.5297105125495017 0.5140599651743608 0.804511182631908 0.017957864512068447 1.0 0.0 0.0 0.0 0.0 0.0 1.0 0.0 0.0 0.0 0.0 0.0 1.0 0.0 0.0 0.0 0.0 0.0 1.0 0.0 0.0 0.0 0.0 0.0 1.0
0.18000000000000002 -0.012126080211602134 -0.49490609247749784 0.5141453385219166 0.5135156136617608 0.8220467783482415 0.018138243366791963 1.0 0.0 0.0 0.0 0.0 0.0 1.0 0.0 0.0 0.0 0.0 0.0 1.0 0.0 0.0 0.0 0.0 0.0 1.0 0.0 0.0 0.0 0.0 0.0 1.0
0.19 -0.024462572160284354 -0.49007635096868907 0.4986537177191228 0.5129687331118736 0.8394994141204374 0.018317215432987883 1.0 0.0 0.0 0.0 0.0 0.0 1.0 0.0 0.0 0.0 0.0 0.0 1.0 0.0 0.0 0.0 0.0 0.0 1.0 0.0 0.0 0.0 0.0 0.0 1.0
0.2 -0.036738751747579554 -0.48529848575221346 0.4832408027711849 0.5124190466604015 0.8568632764838081 0.018494533521245228 1.0 0.0 0.0 0.0 0.0 0.0 1.0 0.0 0.0 0.0 0.0 0.0 1.0 0.0 0.0 0.0 0.0 0.0 1.0 0.0 0.0 0.0 0.0 0.0 1.0
0.21000000000000002 -0.04895084179571953 -0.48057621531762307 0.46791157210507983 0.5118662875338585 0.8741327485322933 0.0186699636606887 1.0 0.0 0.0 0.0 0.0 0.0 1.0 0.0 0.0 0.0 0.0 0.0 1.0 0.0 0.0 0.0 0.0 0.0 1.0 0.0 0.0 0.0 0.0 0.0 1.0
0.22 -0.061095199909477836 -0.4759131214682988 0.4526708260807383 0.5113101992532001 0.8913024142779048 0.018843294698751206 1.0 0.0 0.0 0.0 0.0 0.0 1.0 0.0 0.0 0.0 0.0 0.0 1.0 0.0 0.0 0.0 0.0 0.0 1.0 0.0 0.0 0.0 0.0 0.0 1.0
0.23 -0.07316832580689615 -0.47131264218158553 0.43752317733701657 0.5107505361366592 0.9083670695426078 0.019014334990079068 1.0 0.0 0.0 0.0 0.0 0.0 1.0 0.0 0.0 0.0 0.0 0.0 1.0 0.0 0.0 0.0 0.0 0.0 1.0 0.0 0.0 0.0 0.0 0.0 1.0
0.24000000000000002 -0.08516686741929995 -0.4667780656884027 0.4224730427606213 0.5101870637141238 0.9253217310190718 0.019182909947370146 1.0 0.0 0.0 0.0 0.0 0.0 1.0 0.0 0.0 0.0 0.0 0.0 1.0 0.0 0.0 0.0 0.0 0.0 1.0 0.0 0.0 0.0 0.0 0.0 1.0
0.25 -0.09708762590767134 -0.4623125256269091 0.40752463688405655 0.5096195590635791 0.9421616437191096 0.01935500365837479 1.0 0.0 0.0 0.0 0.0 0.0 1.0 0.0 0.0 0.0 0.0 0.0 1.0 0.0 0.0 0.0 0.0 0.0 1.0 0.0 0.0 0.0 0.0 0.0 1.0
0.26 -0.10892755711982627 -0.4579189996491585 0.39268196996935073 0.5090478109060391 0.9588822831355648 0.019526579104996777 1.0 0.0 0.0 0.0 0.0 0.0 1.0 0.0 0.0 0.0 0.0 0.0 1.0 0.0 0.0 0.0 0.0 0.0 1.0 0.0 0.0 0.0 0.0 0.0 1.0
0.27 -0.12068377610821339 -0.45360030511529237 0.3779488420683588 0.508471619897137 0.9754793619432728 0.019696078200711908 1.0 0.0 0.0 0.0 0.0 0.0 1.0 0.0 0.0 0.0 0.0 0.0 1.0 0.0 0.0 0.0 0.0 0.0 1.0 0.0 0.0 0.0 0.0 0.0 1.0
0.28 -0.1323535591528748 -0.4493590972302935 0.3633288403699181 0.5078907987451329 0.9919488329916764 0.01986337847301505 1.0 0.0 0.0 0.0 0.0 0.0 1.0 0.0 0.0 0.0 0.0 0.0 1.0 0.0 0.0 0.0 0.0 0.0 1.0 0.0 0.0 0.0 0.0 0.0 1.0
0.29000000000000004 -0.143934345107022 -0.4451978678169415 0.34882533743659155 0.5073051722870229 1.0082868912938776 0.02002836997528161 1.0 0.0 0.0 0.0 0.0 0.0 1.0 0.0 0.0 0.0 0.0 0.0 1.0 0.0 0.0 0.0 0.0 0.0 1.0 0.0 0.0 0.0 0.0 0.0 1.0
0.3 -0.1554237356848746 -0.44111894511887 0.3344414908343665 0.5067145774921137 1.024489974444121 0.02019095377732855 1.0 0.0 0.0 0.0 0.0 0.0 1.0 0.0 0.0 0.0 0.0 0.0 1.0 0.0 0.0 0.0 0.0 0.0 1.0 0.0 0.0 0.0 0.0 0.0 1.0
0.31 -0.16681949627465 -0.43712449317348523 0.32018024207930645 0.5061188634858474 1.0405547638056272 0.020351043665011656 1.0 0.0 0.0 0.0 0.0 0.0 1.0 0.0 0.0 0.0 0.0 0.0 1.0 0.0 0.0 0.0 0.0 0.0 1.0 0.0 0.0 0.0 0.0 0.0 1.0
0.32 -0.17811955443554536 -0.43321651345488743 0.30604431863571835 0.5055178914119978 1.0564781822555855 0.020508563210701256 1.0 0.0 0.0 0.0 0.0 0.0 1.0 0.0 0.0 0.0 0.0 0.0 1.0 0.0 0.0 0.0 0.0 0.0 1.0 0.0 0.0 0.0 0.0 0.0 1.0
0.33 -0.1893219993031749 -0.4293968455353324 0.29203623470779944 0.5049115343759191 1.0722573932917114 0.02066344705545611 1.0 0.0 0.0 0.0 0.0 0.0 1.0 0.0 0.0 0.0 0.0 0.0 1.0 0.0 0.0 0.0 0.0 0.0 1.0 0.0 0.0 0.0 0.0 0.0 1.0
0.34 -0.2004250799143369 -0.4256671688801893 0.27815829346294396 0.5042996772979627 1.0878897985232892 0.020815640721505775 1.0 0.0 0.0 0.0 0.0 0.0 1.0 0.0 0.0 0.0 0.0 0.0 1.0 0.0 0.0 0.0 0.0 0.0 1.0 0.0 0.0 0.0 0.0 0.0 1.0
0.35000000000000003 -0.21142720292444928 -0.42202900527055165 0.2644125900586663 0.503682216718248 1.1033730342554302 0.020965100155189105 1.0 0.0 0.0 0.0 0.0 0.0 1.0 0.0 0.0 0.0 0.0 0.0 1.0 0.0 0.0 0.0 0.0 0.0 1.0 0.0 0.0 0.0 0.0 0.0 1.0
0.36000000000000004 -0.22232692846640748 -0.4184837230530459 0.2508010171189092 0.5030590604706368 1.118704965309824 0.021111787333750576 1.0 0.0 0.0 0.0 0.0 0.0 1.0 0.0 0.0 0.0 0.0 0.0 1.0 0.0 0.0 0.0 0.0 0.0 1.0 0.0 0.0 0.0 0.0 0.0 1.0
0.37 -0.23312296888086292 -0.4150325384473694 0.23732526641361693 0.5024301275819023 1.1338836831295596 0.021255675307701966 1.0 0.0 0.0 0.0 0.0 0.0 1.0 0.0 0.0 0.0 0.0 0.0 1.0 0.0 0.0 0.0 0.0 0.0 1.0 0.0 0.0 0.0 0.0 0.0 1.0
0.38 -0.24381418461052262 -0.41167651978168013 0.22398683429048205 0.5017953479442341 1.1489074996500752 0.021396746261749377 1.0 0.0 0.0 0.0 0.0 0.0 1.0 0.0 0.0 0.0 0.0 0.0 1.0 0.0 0.0 0.0 0.0 0.0 1.0 0.0 0.0 0.0 0.0 0.0 1.0
0.39 -0.25439957962986337 -0.40841659215729853 0.2107870277160871 0.5011546619603893 1.1637749404826712 0.021534989218449214 1.0 0.0 0.0 0.0 0.0 0.0 1.0 0.0 0.0 0.0 0.0 0.0 1.0 0.0 0.0 0.0 0.0 0.0 1.0 0.0 0.0 0.0 0.0 0.0 1.0
0.4 -0.26487829638655674 -0.40525354257635976 0.19772697095875652 0.5005080201577798 1.1784847373740621 0.021670397183428895 1.0 0.0 0.0 0.0 0.0 0.0 1.0 0.0 0.0 0.0 0.0 0.0 1.0 0.0 0.0 0.0 0.0 0.0 1.0 0.0 0.0 0.0 0.0 0.0 1.0
0.41000000000000003 -0.27524961381781765 -0.4021880219589799 0.18480760820982262 0.49985538303590227 1.1930358252487043 0.021802973985936936 1.0 0.0 0.0 0.0 0.0 0.0 1.0 0.0 0.0 0.0 0.0 0.0 1.0 0.0 0.0 0.0 0.0 0.0 1.0 0.0 0.0 0.0 0.0 0.0 1.0
0.42000000000000004 -0.28551294129118926 -0.39922055131915596 0.1720297115919822 0.4991967205975129 1.2074273331726513 0.021932729945747867 1.0 0.0 0.0 0.0 0.0 0.0 1.0 0.0 0.0 0.0 0.0 0.0 1.0 0.0 0.0 0.0 0.0 0.0 1.0 0.0 0.0 0.0 0.0 0.0 1.0
0.43 -0.2956678126200963 -0.39635152780269345 0.15939388906234975 0.4985320118975661 1.2216585754364009 0.02205967826056178 1.0 0.0 0.0 0.0 0.0 0.0 1.0 0.0 0.0 0.0 0.0 0.0 1.0 0.0 0.0 0.0 0.0 0.0 1.0 0.0 0.0 0.0 0.0 0.0 1.0
0.44 -0.305713881634837 -0.3935812291534332 0.14690059026114957 0.4978612447098486 1.2357290449557543 0.022183836345947165 1.0 0.0 0.0 0.0 0.0 0.0 1.0 0.0 0.0 0.0 0.0 0.0 1.0 0.0 0.0 0.0 0.0 0.0 1.0 0.0 0.0 0.0 0.0 0.0 1.0
0.45 -0.3156509186524531 -0.39090981728524216 0.13455011117468493 0.49718441525889867 1.2496384080104799 0.02230523017711424 1.0 0.0 0.0 0.0 0.0 0.0 1.0 0.0 0.0 0.0 0.0 0.0 1.0 0.0 0.0 0.0 0.0 0.0 1.0 0.0 0.0 0.0 0.0 0.0 1.0
0.46 -0.32547880406179397 -0.3883373447791769 0.12234260260950613 0.49650152773167633 1.263386494682701 0.02242389038176075 1.0 0.0 0.0 0.0 0.0 0.0 1.0 0.0 0.0 0.0 0.0 0.0 1.0 0.0 0.0 0.0 0.0 0.0 1.0 0.0 0.0 0.0 0.0 0.0 1.0
0.47000000000000003 -0.3351975213361361 -0.385863761898079 0.11027807941623617 0.49581259375773246 1.2769732884496436 0.022539846756389596 1.0 0.0 0.0 0.0 0.0 0.0 1.0 0.0 0.0 0.0 0.0 0.0 1.0 0.0 0.0 0.0 0.0 0.0 1.0 0.0 0.0 0.0 0.0 0.0 1.0
0.48000000000000004 -0.34480715406304857 -0.38348891957286874 0.09835642441083618 0.4951176321873565 1.2903989217592515 0.022653134688254445 1.0 0.0 0.0 0.0 0.0 0.0 1.0 0.0 0.0 0.0 0.0 0.0 1.0 0.0 0.0 0.0 0.0 0.0 1.0 0.0 0.0 0.0 0.0 0.0 1.0
0.49 -0.3543078807438803 -0.38121257465072733 0.08657739524251763 0.49441666869936773 1.3036636682810228 0.022763794990595203 1.0 0.0 0.0 0.0 0.0 0.0 1.0 0.0 0.0 0.0 0.0 0.0 1.0 0.0 0.0 0.0 0.0 0.0 1.0 0.0 0.0 0.0 0.0 0.0 1.0
0.5 -0.363699968691125 -0.3790343960432425 0.07494063245192865 0.4937097353428959 1.3167679338138674 0.022871870949062456 1.0 0.0 0.0 0.0 0.0 0.0 1.0 0.0 0.0 0.0 0.0 0.0 1.0 0.0 0.0 0.0 0.0 0.0 1.0 0.0 0.0 0.0 0.0 0.0 1.0
0.51 -0.37298376733731897 -0.3769539714259147 0.06344566830201441 0.49299687004301807 1.3297122463223032 0.022977403439295455 1.0 0.0 0.0 0.0 0.0 0.0 1.0 0.0 0.0 0.0 0.0 0.0 1.0 0.0 0.0 0.0 0.0 0.0 1.0 0.0 0.0 0.0 0.0 0.0 1.0
0.52 -0.38215970620509204 -0.3749708092763707 0.05209192945772751 0.49227811644966946 1.3424972529129233 0.023080439713628505 1.0 0.0 0.0 0.0 0.0 0.0 1.0 0.0 0.0 0.0 0.0 0.0 1.0 0.0 0.0 0.0 0.0 0.0 1.0 0.0 0.0 0.0 0.0 0.0 1.0
0.53 -0.3912282886982501 -0.37308434512832067 0.04087874518442027 0.49155352347169184 1.3551237105841067 0.023181029463743775 1.0 0.0 0.0 0.0 0.0 0.0 1.0 0.0 0.0 0.0 0.0 0.0 1.0 0.0 0.0 0.0 0.0 0.0 1.0 0.0 0.0 0.0 0.0 0.0 1.0
0.54 -0.4001900865106075 -0.37129394717684344 0.029805354727764966 0.4908231448623574 1.3675924778992254 0.023279222396433985 1.0 0.0 0.0 0.0 0.0 0.0 1.0 0.0 0.0 0.0 0.0 0.0 1.0 0.0 0.0 0.0 0.0 0.0 1.0 0.0 0.0 0.0 0.0 0.0 1.0
0.55 -0.40904573437933023 -0.36959892152256724 0.018870914237298288 0.4900870388334878 1.3799045071749103 0.02337506647512273 1.0 0.0 0.0 0.0 0.0 0.0 1.0 0.0 0.0 0.0 0.0 0.0 1.0 0.0 0.0 0.0 0.0 0.0 1.0 0.0 0.0 0.0 0.0 0.0 1.0
0.56 -0.4177959280054231 -0.36799851425915986 0.008074499511507844 0.4893452679007721 1.3920608413837672 0.023501662401102713 1.0 0.0 0.0 0.0 0.0 0.0 1.0 0.0 0.0 0.0 0.0 0.0 1.0 0.0 0.0 0.0 0.0 0.0 1.0 0.0 0.0 0.0 0.0 0.0 1.0
0.5700000000000001 -0.4264414178752076 -0.3664919176863654 -0.0025848858449916533 0.4885978984220881 1.4040626049505742 0.023631377449074432 1.0 0.0 0.0 0.0 0.0 0.0 1.0 0.0 0.0 0.0 0.0 0.0 1.0 0.0 0.0 0.0 0.0 0.0 1.0 0.0 0.0 0.0 0.0 0.0 1.0
0.5800000000000001 -0.43498300430434816 -0.36507827525716374 -0.013108303882187524 0.48784500023425437 1.415910996374135 0.023758429215375895 1.0 0.0 0.0 0.0 0.0 0.0 1.0 0.0 0.0 0.0 0.0 0.0 1.0 0.0 0.0 0.0 0.0 0.0 1.0 0.0 0.0 0.0 0.0 0.0 1.0
0.59 -0.44342153397235934 -0.3637566850376684 -0.023496877731980604 0.48708664639891586 1.4276072830679594 0.023882838844359752 1.0 0.0 0.0 0.0 0.0 0.0 1.0 0.0 0.0 0.0 0.0 0.0 1.0 0.0 0.0 0.0 0.0 0.0 1.0 0.0 0.0 0.0 0.0 0.0 1.0
0.6 -0.4517578970510968 -0.36252620258818613 -0.03375178781777214 0.4863229129892331 1.4391527970835591 0.02400463358793835 1.0 0.0 0.0 0.0 0.0 0.0 1.0 0.0 0.0 0.0 0.0 0.0 1.0 0.0 0.0 0.0 0.0 0.0 1.0 0.0 0.0 0.0 0.0 0.0 1.0
0.61 -0.4599930222549843 -0.3613858459316168 -0.04387426532048403 0.48555387872177136 1.4505489277381396 0.024123843259160227 1.0 0.0 0.0 0.0 0.0 0.0 1.0 0.0 0.0 0.0 0.0 0.0 1.0 0.0 0.0 0.0 0.0 0.0 1.0 0.0 0.0 0.0 0.0 0.0 1.0
0.62 -0.4681278722718807 -0.3603346001015384 -0.05386558615107066 0.4847796246241097 1.4617971148139215 0.0242404972866723 1.0 0.0 0.0 0.0 0.0 0.0 1.0 0.0 0.0 0.0 0.0 0.0 1.0 0.0 0.0 0.0 0.0 0.0 1.0 0.0 0.0 0.0 0.0 0.0 1.0
0.63 -0.47616344189567184 -0.3593714190050428 -0.06372706848665595 0.48400023389821256 1.472898845778206 0.024354629084541585 1.0 0.0 0.0 0.0 0.0 0.0 1.0 0.0 0.0 0.0 0.0 0.0 1.0 0.0 0.0 0.0 0.0 0.0 1.0 0.0 0.0 0.0 0.0 0.0 1.0
0.64 -0.4841007545447109 -0.3584952289141277 -0.07346006817502175 0.4832157916621373 1.483855650598261 0.02446627532646135 1.0 0.0 0.0 0.0 0.0 0.0 1.0 0.0 0.0 0.0 0.0 0.0 1.0 0.0 0.0 0.0 0.0 0.0 1.0 0.0 0.0 0.0 0.0 0.0 1.0
0.65 -0.4919408584797155 -0.35770493224947675 -0.08306597374334637 0.48242638467120064 1.494669096109728 0.024575473871456796 1.0 0.0 0.0 0.0 0.0 0.0 1.0 0.0 0.0 0.0 0.0 0.0 1.0 0.0 0.0 0.0 0.0 0.0 1.0 0.0 0.0 0.0 0.0 0.0 1.0
0.66 -0.49968482318139856 -0.35699941117878814 -0.09254620162043108 0.48163210105588505 1.505340780625987 0.024682261682759124 1.0 0.0 0.0 0.0 0.0 0.0 1.0 0.0 0.0 0.0 0.0 0.0 1.0 0.0 0.0 0.0 0.0 0.0 1.0 0.0 0.0 0.0 0.0 0.0 1.0
0.67 -0.5073337382292318 -0.3563775287355965 -0.10190219465730434 0.4808330302397386 1.515872332268976 0.02478667957975214 1.0 0.0 0.0 0.0 0.0 0.0 1.0 0.0 0.0 0.0 0.0 0.0 1.0 0.0 0.0 0.0 0.0 0.0 1.0 0.0 0.0 0.0 0.0 0.0 1.0
0.68 -0.514888709752586 -0.3558381323759474 -0.11113541744311053 0.48002926267652407 1.5262654036841248 0.02488876947460568 1.0 0.0 0.0 0.0 0.0 0.0 1.0 0.0 0.0 0.0 0.0 0.0 1.0 0.0 0.0 0.0 0.0 0.0 1.0 0.0 0.0 0.0 0.0 0.0 1.0
0.6900000000000001 -0.5223508575996518 -0.35538005679646895 -0.12024735257041624 0.4792208896442578 1.5365216678265827 0.024988573260475856 1.0 0.0 0.0 0.0 0.0 0.0 1.0 0.0 0.0 0.0 0.0 0.0 1.0 0.0 0.0 0.0 0.0 0.0 1.0 0.0 0.0 0.0 0.0 0.0 1.0
0.7000000000000001 -0.5297213128913227 -0.35500212635997586 -0.12923949740932184 0.4784080030690556 1.5466428143215492 0.0250861324011379 1.0 0.0 0.0 0.0 0.0 0.0 1.0 0.0 0.0 0.0 0.0 0.0 1.0 0.0 0.0 0.0 0.0 0.0 1.0 0.0 0.0 0.0 0.0 0.0 1.0
0.7100000000000001 -0.5370012169641065 -0.3547031561514153 -0.13811336271257849 0.47759069544751326 1.5566305478904456 0.025181491194716757 1.0 0.0 0.0 0.0 0.0 0.0 1.0 0.0 0.0 0.0 0.0 0.0 1.0 0.0 0.0 0.0 0.0 0.0 1.0 0.0 0.0 0.0 0.0 0.0 1.0
0.72 -0.5441917183127196 -0.3544819550389535 -0.1468704685804773 0.47676905962083604 1.566486583798123 0.025274693748008156 1.0 0.0 0.0 0.0 0.0 0.0 1.0 0.0 0.0 0.0 0.0 0.0 1.0 0.0 0.0 0.0 0.0 0.0 1.0 0.0 0.0 0.0 0.0 0.0 1.0
0.73 -0.5512939704838474 -0.35433732775715965 -0.1555123416837385 0.47594318862421653 1.5762126447195572 0.025365783367383765 1.0 0.0 0.0 0.0 0.0 0.0 1.0 0.0 0.0 0.0 0.0 0.0 1.0 0.0 0.0 0.0 0.0 0.0 1.0 0.0 0.0 0.0 0.0 0.0 1.0
0.74 -0.5583091306598635 -0.3542680763092743 -0.1640405133959803 0.47511317558524896 1.5858104586327786 0.025454803613878287 1.0 0.0 0.0 0.0 0.0 0.0 1.0 0.0 0.0 0.0 0.0 0.0 1.0 0.0 0.0 0.0 0.0 0.0 1.0 0.0 0.0 0.0 0.0 0.0 1.0
0.75 -0.5652383583431877 -0.3542730012815012 -0.17245651805765844 0.474279113627311 1.5952817568600965 0.025541799300779204 1.0 0.0 0.0 0.0 0.0 0.0 1.0 0.0 0.0 0.0 0.0 0.0 1.0 0.0 0.0 0.0 0.0 0.0 1.0 0.0 0.0 0.0 0.0 0.0 1.0
0.76 -0.5720828132212281 -0.35435090397631086 -0.18076189015870117 0.47344109571267534 1.6046282708892994 0.02562681471197477 1.0 0.0 0.0 0.0 0.0 0.0 1.0 0.0 0.0 0.0 0.0 0.0 1.0 0.0 0.0 0.0 0.0 0.0 1.0 0.0 0.0 0.0 0.0 0.0 1.0
0.77 -0.5788436534884858 -0.3545005880627005 -0.1889581621271593 0.4725992145243084 1.6138517298787052 0.025709892855344536 1.0 0.0 0.0 0.0 0.0 0.0 1.0 0.0 0.0 0.0 0.0 0.0 1.0 0.0 0.0 0.0 0.0 0.0 1.0 0.0 0.0 0.0 0.0 0.0 1.0
0.78 -0.5855220351711534 -0.3547208602438818 -0.1970468634387148 0.47175356241762934 1.6229538596524637 0.025791077378129412 1.0 0.0 0.0 0.0 0.0 0.0 1.0 0.0 0.0 0.0 0.0 0.0 1.0 0.0 0.0 0.0 0.0 0.0 1.0 0.0 0.0 0.0 0.0 0.0 1.0
0.79 -0.5921191107018033 -0.355010531680609 -0.20502951873596648 0.4709042313159349 1.6319363805785503 0.025870411947681957 1.0 0.0 0.0 0.0 0.0 0.0 1.0 0.0 0.0 0.0 0.0 0.0 1.0 0.0 0.0 0.0 0.0 0.0 1.0 0.0 0.0 0.0 0.0 0.0 1.0
0.8 -0.5986360275291208 -0.3553684193728231 -0.21290764599465029 0.4700513126096909 1.6408010054997835 0.02594793944894941 1.0 0.0 0.0 0.0 0.0 0.0 1.0 0.0 0.0 0.0 0.0 0.0 1.0 0.0 0.0 0.0 0.0 0.0 1.0 0.0 0.0 0.0 0.0 0.0 1.0
0.81 -0.6050739269373165 -0.35579334731394646 -0.22068275496843034 0.4691948970746919 1.6495494379791766 0.026023701544989244 1.0 0.0 0.0 0.0 0.0 0.0 1.0 0.0 0.0 0.0 0.0 0.0 1.0 0.0 0.0 0.0 0.0 0.0 1.0 0.0 0.0 0.0 0.0 0.0 1.0
0.8200000000000001 -0.6114339436956922 -0.3562841468370809 -0.22835634672689586 0.46833507484707665 1.6581833717786865 0.026097740456858934 1.0 0.0 0.0 0.0 0.0 0.0 1.0 0.0 0.0 0.0 0.0 0.0 1.0 0.0 0.0 0.0 0.0 0.0 1.0 0.0 0.0 0.0 0.0 0.0 1.0
0.8300000000000001 -0.6177172047798936 -0.3568396578910036 -0.235929911968315 0.46747193532969333 1.6667044889555063 0.02617009771505821 1.0 0.0 0.0 0.0 0.0 0.0 1.0 0.0 0.0 0.0 0.0 0.0 1.0 0.0 0.0 0.0 0.0 0.0 1.0 0.0 0.0 0.0 0.0 0.0 1.0
0.8400000000000001 -0.6239248285026071 -0.3574587298955833 -0.24340492987393808 0.46660556713077783 1.6751144585694504 0.026240813912278563 1.0 0.0 0.0 0.0 0.0 0.0 1.0 0.0 0.0 0.0 0.0 0.0 1.0 0.0 0.0 0.0 0.0 0.0 1.0 0.0 0.0 0.0 0.0 0.0 1.0
0.85 -0.6300579237734959 -0.3581402224590607 -0.25078286713374115 0.4657360580138717 1.683414935583781 0.02630992863242437 1.0 0.0 0.0 0.0 0.0 0.0 1.0 0.0 0.0 0.0 0.0 0.0 1.0 0.0 0.0 0.0 0.0 0.0 1.0 0.0 0.0 0.0 0.0 0.0 1.0
0.86 -0.6361175898702053 -0.35888300560398945 -0.258065177644558 0.46486349488155143 1.6916075605246284 0.026377481703735658 1.0 0.0 0.0 0.0 0.0 0.0 1.0 0.0 0.0 0.0 0.0 0.0 1.0 0.0 0.0 0.0 0.0 0.0 1.0 0.0 0.0 0.0 0.0 0.0 1.0
0.87 -0.6421049154415632 -0.35968596076046233 -0.26525330119500745 0.463987963702716 1.6996939579972152 0.026443511942897003 1.0 0.0 0.0 0.0 0.0 0.0 1.0 0.0 0.0 0.0 0.0 0.0 1.0 0.0 0.0 0.0 0.0 0.0 1.0 0.0 0.0 0.0 0.0 0.0 1.0
0.88 -0.6480209780028788 -0.3605479812547639 -0.2723486628011597 0.4631095494785329 1.7076757359363552 0.026508057208310964 1.0 0.0 0.0 0.0 0.0 0.0 1.0 0.0 0.0 0.0 0.0 0.0 1.0 0.0 0.0 0.0 0.0 0.0 1.0 0.0 0.0 0.0 0.0 0.0 1.0
0.89 -0.6538668434984404 -0.3614679727265595 -0.27935267213130693 0.4622283362141583 1.7155544849574973 0.026571154489679102 1.0 0.0 0.0 0.0 0.0 0.0 1.0 0.0 0.0 0.0 0.0 0.0 1.0 0.0 0.0 0.0 0.0 0.0 1.0 0.0 0.0 0.0 0.0 0.0 1.0
0.9 -0.6596435661598938 -0.3624448532678714 -0.28626672331935593 0.46134440690882345 1.723331778146191 0.026632840723147505 1.0 0.0 0.0 0.0 0.0 0.0 1.0 0.0 0.0 0.0 0.0 0.0 1.0 0.0 0.0 0.0 0.0 0.0 1.0 0.0 0.0 0.0 0.0 0.0 1.0
0.91 -0.6653521877998952 -0.3634775541251665 -0.2930921940331217 0.4604578435046369 1.7310091700068526 0.02669315174600248 1.0 0.0 0.0 0.0 0.0 0.0 1.0 0.0 0.0 0.0 0.0 0.0 1.0 0.0 0.0 0.0 0.0 0.0 1.0 0.0 0.0 0.0 0.0 0.0 1.0
0.92 -0.670993737549319 -0.3645650199467732 -0.29983044512916407 0.45956872687022343 1.7385881960733924 0.026752122462506727 1.0 0.0 0.0 0.0 0.0 0.0 1.0 0.0 0.0 0.0 0.0 0.0 1.0 0.0 0.0 0.0 0.0 0.0 1.0 0.0 0.0 0.0 0.0 0.0 1.0
0.93 -0.6765692316318606 -0.3657062089883934 -0.3064828203574186 0.4586771367879751 1.7460703725760123 0.026809786997123865 1.0 0.0 0.0 0.0 0.0 0.0 1.0 0.0 0.0 0.0 0.0 0.0 1.0 0.0 0.0 0.0 0.0 0.0 1.0 0.0 0.0 0.0 0.0 0.0 1.0
0.9400000000000001 -0.6820796732974577 -0.36690009317738387 -0.31305064627358026 0.457783151949596 1.7534571963423689 0.026866179197617815 1.0 0.0 0.0 0.0 0.0 0.0 1.0 0.0 0.0 0.0 0.0 0.0 1.0 0.0 0.0 0.0 0.0 0.0 1.0 0.0 0.0 0.0 0.0 0.0 1.0
0.9500000000000001 -0.6875260523760701 -0.36814565855400605 -0.3195352316507605 0.4568868499242036 1.7607501441337372 0.026921331871203505 1.0 0.0 0.0 0.0 0.0 0.0 1.0 0.0 0.0 0.0 0.0 0.0 1.0 0.0 0.0 0.0 0.0 0.0 1.0 0.0 0.0 0.0 0.0 0.0 1.0
0.9600000000000001 -0.692909345148505 -0.3694419053885153 -0.3259378673102976 0.45598830715116234 1.767950672454199 0.026975276884566288 1.0 0.0 0.0 0.0 0.0 0.0 1.0 0.0 0.0 0.0 0.0 0.0 1.0 0.0 0.0 0.0 0.0 0.0 1.0 0.0 0.0 0.0 0.0 0.0 1.0
0.97 -0.6982305142997232 -0.3707878482063746 -0.33225982606238835 0.45508759894080775 1.775060217483709 0.027034894848930645 1.0 0.0 0.0 0.0 0.0 0.0 1.0 0.0 0.0 0.0 0.0 0.0 1.0 0.0 0.0 0.0 0.0 0.0 1.0 0.0 0.0 0.0 0.0 0.0 1.0
0.98 -0.7034905088978447 -0.3721825158071447 -0.338502362678607 0.4541847994733097 1.7820801950471068 0.02710461940751107 1.0 0.0 0.0 0.0 0.0 0.0 1.0 0.0 0.0 0.0 0.0 0.0 1.0 0.0 0.0 0.0 0.0 0.0 1.0 0.0 0.0 0.0 0.0 0.0 1.0
0.99 -0.7086902641820577 -0.3736249514707832 -0.34466671361261547 0.45327998178417434 1.7890120002990029 0.02717364957740327 1.0 0.0 0.0 0.0 0.0 0.0 1.0 0.0 0.0 0.0 0.0 0.0 1.0 0.0 0.0 0.0 0.0 0.0 1.0 0.0 0.0 0.0 0.0 0.0 1.0
1.0 -0.7138307014636095 -0.37511421304994025 -0.35075409687022374 0.4523732177582574 1.7958570075772087 0.027242004730110472 1.0 0.0 0.0 0.0 0.0 0.0 1.0 0.0 0.0 0.0 0.0 0.0 1.0 0.0 0.0 0.0 0.0 0.0 1.0 0.0 0.0 0.0 0.0 0.0 1.0
1.01 -0.7189127282561989 -0.3766493728157324 -0.35676571218395847 0.45146457814398566 1.8026165705997765 0.0273097038310037 1.0 0.0 0.0 0.0 0.0 0.0 1.0 0.0 0.0 0.0 0.0 0.0 1.0 0.0 0.0 0.0 0.0 0.0 1.0 0.0 0.0 0.0 0.0 0.0 1.0
1.02 -0.7239372382796656 -0.3782295174507626 -0.36270274101827854 0.45055413255426613 1.8092920224708966 0.02737676545350689 1.0 0.0 0.0 0.0 0.0 0.0 1.0 0.0 0.0 0.0 0.0 0.0 1.0 0.0 0.0 0.0 0.0 0.0 1.0 0.0 0.0 0.0 0.0 0.0 1.0
1.03 -0.728905111431071 -0.37985374807256145 -0.3685663465319875 0.4496419494654199 1.8158846756385068 0.027443207651454436 1.0 0.0 0.0 0.0 0.0 0.0 1.0 0.0 0.0 0.0 0.0 0.0 1.0 0.0 0.0 0.0 0.0 0.0 1.0 0.0 0.0 0.0 0.0 0.0 1.0
1.04 -0.7338172136756572 -0.381521180339878 -0.3743576734346255 0.44872809620968407 1.8223958217322715 0.027509047557318998 1.0 0.0 0.0 0.0 0.0 0.0 1.0 0.0 0.0 0.0 0.0 0.0 1.0 0.0 0.0 0.0 0.0 0.0 1.0 0.0 0.0 0.0 0.0 0.0 1.0
1.05 -0.7386743972991302 -0.3832309441782682 -0.3800778483217204 0.44781263899808077 1.8288267319419196 0.027574301953353128 1.0 0.0 0.0 0.0 0.0 0.0 1.0 0.0 0.0 0.0 0.0 0.0 1.0 0.0 0.0 0.0 0.0 0.0 1.0 0.0 0.0 0.0 0.0 0.0 1.0
1.06 -0.7434775009858827 -0.3849821836932237 -0.3857279797789243 0.4468956429278539 1.8351786571347708 0.027638987306221687 1.0 0.0 0.0 0.0 0.0 0.0 1.0 0.0 0.0 0.0 0.0 0.0 1.0 0.0 0.0 0.0 0.0 0.0 1.0 0.0 0.0 0.0 0.0 0.0 1.0
1.07 -0.7482273498408119 -0.3867740571461797 -0.3913091584110319 0.44597717198449666 1.8414528278884785 0.027703119600738513 1.0 0.0 0.0 0.0 0.0 0.0 1.0 0.0 0.0 0.0 0.0 0.0 1.0 0.0 0.0 0.0 0.0 0.0 1.0 0.0 0.0 0.0 0.0 0.0 1.0
1.08 -0.7529247553942952 -0.3886057369441424 -0.39682245684911954 0.44505728904316605 1.847650454499125 0.027766714096521775 1.0 0.0 0.0 0.0 0.0 0.0 1.0 0.0 0.0 0.0 0.0 0.0 1.0 0.0 0.0 0.0 0.0 0.0 1.0 0.0 0.0 0.0 0.0 0.0 1.0
1.09 -0.7575705157536904 -0.39047640947776513 -0.40226892995156077 0.44413605588185845 1.8537727272080347 0.02782978546362884 1.0 0.0 0.0 0.0 0.0 0.0 1.0 0.0 0.0 0.0 0.0 0.0 1.0 0.0 0.0 0.0 0.0 0.0 1.0 0.0 0.0 0.0 0.0 0.0 1.0
1.1 -0.7621654158821749 -0.3923852748237819 -0.40764961517397014 0.4432135332055747 1.8598208166192594 0.027892348251635557 1.0 0.0 0.0 0.0 0.0 0.0 1.0 0.0 0.0 0.0 0.0 0.0 1.0 0.0 0.0 0.0 0.0 0.0 1.0 0.0 0.0 0.0 0.0 0.0 1.0
1.11 -0.7667102276118322 -0.3943315467309725 -0.41296553258657664 0.44228978064746627 1.8657958737191849 0.027954416579861967 1.0 0.0 0.0 0.0 0.0 0.0 1.0 0.0 0.0 0.0 0.0 0.0 1.0 0.0 0.0 0.0 0.0 0.0 1.0 0.0 0.0 0.0 0.0 0.0 1.0
1.12 -0.7712057097541063 -0.3963144525036394 -0.4182176850206098 0.4413648567781497 1.8716990300417062 0.028016004079689058 1.0 0.0 0.0 0.0 0.0 0.0 1.0 0.0 0.0 0.0 0.0 0.0 1.0 0.0 0.0 0.0 0.0 0.0 1.0 0.0 0.0 0.0 0.0 0.0 1.0
1.1300000000000001 -0.7756526081239701 -0.39833323297581724 -0.42340705810037993 0.44043881910779586 1.8775313977044439 0.028077123573721788 1.0 0.0 0.0 0.0 0.0 0.0 1.0 0.0 0.0 0.0 0.0 0.0 1.0 0.0 0.0 0.0 0.0 0.0 1.0 0.0 0.0 0.0 0.0 0.0 1.0
1.1400000000000001 -0.7800516559188679 -0.40038714211194393 -0.4285346207454856 0.43951172411799044 1.8832940699754437 0.028137787738438468 1.0 0.0 0.0 0.0 0.0 0.0 1.0 0.0 0.0 0.0 0.0 0.0 1.0 0.0 0.0 0.0 0.0 0.0 1.0 0.0 0.0 0.0 0.0 0.0 1.0
1.1500000000000001 -0.7844035738658419 -0.40247544685181114 -0.43360132536580465 0.43858362727410366 1.8889881214932116 0.028198009097233738 1.0 0.0 0.0 0.0 0.0 0.0 1.0 0.0 0.0 0.0 0.0 0.0 1.0 0.0 0.0 0.0 0.0 0.0 1.0 0.0 0.0 0.0 0.0 0.0 1.0
1.1600000000000001 -0.7887090702453006 -0.40459742708580315 -0.43860810789296173 0.4376545830272337 1.8946146083022268 0.028257799651354987 1.0 0.0 0.0 0.0 0.0 0.0 1.0 0.0 0.0 0.0 0.0 0.0 1.0 0.0 0.0 0.0 0.0 0.0 1.0 0.0 0.0 0.0 0.0 0.0 1.0
1.17 -0.7929688410732184 -0.4067523754660421 -0.4435558880214777 0.43672464482891243 1.9001745681250395 0.028317170943068105 1.0 0.0 0.0 0.0 0.0 0.0 1.0 0.0 0.0 0.0 0.0 0.0 1.0 0.0 0.0 0.0 0.0 0.0 1.0 0.0 0.0 0.0 0.0 0.0 1.0
1.18 -0.7971835701798996 -0.40893959732439034 -0.4484455693130399 0.43579386513753426 1.9056690204799438 0.02837613381943514 1.0 0.0 0.0 0.0 0.0 0.0 1.0 0.0 0.0 0.0 0.0 0.0 1.0 0.0 0.0 0.0 0.0 0.0 1.0 0.0 0.0 0.0 0.0 0.0 1.0
1.19 -0.801353929650815 -0.411158410210804 -0.45327803978044856 0.4348622954548531 1.9110989673399048 0.028434699207781453 1.0 0.0 0.0 0.0 0.0 0.0 1.0 0.0 0.0 0.0 0.0 0.0 1.0 0.0 0.0 0.0 0.0 0.0 1.0 0.0 0.0 0.0 0.0 0.0 1.0
1.2 -0.8054805798885518 -0.4134081438285858 -0.4580541719696617 0.4339299863310864 1.9164653932251392 0.02849287781733062 1.0 0.0 0.0 0.0 0.0 0.0 1.0 0.0 0.0 0.0 0.0 0.0 1.0 0.0 0.0 0.0 0.0 0.0 1.0 0.0 0.0 0.0 0.0 0.0 1.0
1.21 -0.8095641696692802 -0.4156881399759444 -0.46277482303451395 0.43299698736945885 1.9217692652874268 0.028550679819157723 1.0 0.0 0.0 0.0 0.0 0.0 1.0 0.0 0.0 0.0 0.0 0.0 1.0 0.0 0.0 0.0 0.0 0.0 1.0 0.0 0.0 0.0 0.0 0.0 1.0
1.22 -0.8136053363596948 -0.4179977523232062 -0.46744083502363587 0.43206334724330325 1.9270115336338633 0.028608114969253286 1.0 0.0 0.0 0.0 0.0 0.0 1.0 0.0 0.0 0.0 0.0 0.0 1.0 0.0 0.0 0.0 0.0 0.0 1.0 0.0 0.0 0.0 0.0 0.0 1.0
1.23 -0.8176047060389096 -0.4203363462855985 -0.47205303504185275 0.431129113706079 1.932193131508978 0.028665192465461228 1.0 0.0 0.0 0.0 0.0 0.0 1.0 0.0 0.0 0.0 0.0 0.0 1.0 0.0 0.0 0.0 0.0 0.0 1.0 0.0 0.0 0.0 0.0 0.0 1.0
1.24 -0.8215628939314354 -0.4227032985717827 -0.47661223582352114 0.43019433362683496 1.9373149759416926 0.028721921676209742 1.0 0.0 0.0 0.0 0.0 0.0 1.0 0.0 0.0 0.0 0.0 0.0 1.0 0.0 0.0 0.0 0.0 0.0 1.0 0.0 0.0 0.0 0.0 0.0 1.0
1.25 -0.8254805044387629 -0.42509799715101726 -0.481119235774336 0.42925905299277994 1.9423779677924948 0.028778311739949693 1.0 0.0 0.0 0.0 0.0 0.0 1.0 0.0 0.0 0.0 0.0 0.0 1.0 0.0 0.0 0.0 0.0 0.0 1.0 0.0 0.0 0.0 0.0 0.0 1.0
1.26 -0.8293581312087799 -0.42751984118154646 -0.4855748190631705 0.4283233169148181 1.94738299185707 0.02883437126985996 1.0 0.0 0.0 0.0 0.0 0.0 1.0 0.0 0.0 0.0 0.0 0.0 1.0 0.0 0.0 0.0 0.0 0.0 1.0 0.0 0.0 0.0 0.0 0.0 1.0
1.27 -0.8331963573801224 -0.42996824076064133 -0.4899797559451196 0.4273871696466354 1.9523309172308054 0.02889010854560082 1.0 0.0 0.0 0.0 0.0 0.0 1.0 0.0 0.0 0.0 0.0 0.0 1.0 0.0 0.0 0.0 0.0 0.0 1.0 0.0 0.0 0.0 0.0 0.0 1.0
1.28 -0.836995755688136 -0.4324426168139579 -0.49433480290183185 0.42645065459340353 1.9572225974671436 0.02894553132345188 1.0 0.0 0.0 0.0 0.0 0.0 1.0 0.0 0.0 0.0 0.0 0.0 1.0 0.0 0.0 0.0 0.0 0.0 1.0 0.0 0.0 0.0 0.0 0.0 1.0
1.29 -0.8407568889065152 -0.4349424006361839 -0.4986407032261797 0.42551381434774005 1.9620588712373208 0.02900064758943631 1.0 0.0 0.0 0.0 0.0 0.0 1.0 0.0 0.0 0.0 0.0 0.0 1.0 0.0 0.0 0.0 0.0 0.0 1.0 0.0 0.0 0.0 0.0 0.0 1.0
1.3 -0.8444803098769109 -0.43746703386034513 -0.5028981870614453 0.42457669069209863 1.9668405623745864 0.029055465158616997 1.0 0.0 0.0 0.0 0.0 0.0 1.0 0.0 0.0 0.0 0.0 0.0 1.0 0.0 0.0 0.0 0.0 0.0 1.0 0.0 0.0 0.0 0.0 0.0 1.0
1.31 -0.8481665615557124 -0.44001596840959567 -0.5071079714632087 0.4236393246024895 1.9715684799440365 0.029109991325336607 1.0 0.0 0.0 0.0 0.0 0.0 1.0 0.0 0.0 0.0 0.0 0.0 1.0 0.0 0.0 0.0 0.0 0.0 1.0 0.0 0.0 0.0 0.0 0.0 1.0
1.32 -0.8518161772965971 -0.44258866620811826 -0.511270760772902 0.42270175627056045 1.9762434186641058 0.029164233172981995 1.0 0.0 0.0 0.0 0.0 0.0 1.0 0.0 0.0 0.0 0.0 0.0 1.0 0.0 0.0 0.0 0.0 0.0 1.0 0.0 0.0 0.0 0.0 0.0 1.0
1.33 -0.8554296808816357 -0.4451845991489581 -0.5153872466589723 0.42176402510608785 1.9808661589530274 0.029218197188018817 1.0 0.0 0.0 0.0 0.0 0.0 1.0 0.0 0.0 0.0 0.0 0.0 1.0 0.0 0.0 0.0 0.0 0.0 1.0 0.0 0.0 0.0 0.0 0.0 1.0
1.34 -0.859007586993428 -0.4478032486033017 -0.5194581087418905 0.42082616977535064 1.9854374676340818 0.02927189011462719 1.0 0.0 0.0 0.0 0.0 0.0 1.0 0.0 0.0 0.0 0.0 0.0 1.0 0.0 0.0 0.0 0.0 0.0 1.0 0.0 0.0 0.0 0.0 0.0 1.0
1.35 -0.8625504012734969 -0.45044410536000895 -0.5234840146714295 0.4198882282058322 1.9899580980227993 0.029325318653739527 1.0 0.0 0.0 0.0 0.0 0.0 1.0 0.0 0.0 0.0 0.0 0.0 1.0 0.0 0.0 0.0 0.0 0.0 1.0 0.0 0.0 0.0 0.0 0.0 1.0
1.36 -0.8660586203304501 -0.45310666961719415 -0.5274656201374628 0.4189502375868721 1.9944287899391488 0.02937848902674734 1.0 0.0 0.0 0.0 0.0 0.0 1.0 0.0 0.0 0.0 0.0 0.0 1.0 0.0 0.0 0.0 0.0 0.0 1.0 0.0 0.0 0.0 0.0 0.0 1.0
1.37 -0.8695327320195995 -0.455790450695406 -0.5314035692397229 0.41801223439165025 1.9988502701247441 0.029431407300555122 1.0 0.0 0.0 0.0 0.0 0.0 1.0 0.0 0.0 0.0 0.0 0.0 1.0 0.0 0.0 0.0 0.0 0.0 1.0 0.0 0.0 0.0 0.0 0.0 1.0
1.3800000000000001 -0.8729732154427667 -0.4584949670400001 -0.5352984944873148 0.417074254376754 2.003223252242304 0.0294840789362111 1.0 0.0 0.0 0.0 0.0 0.0 1.0 0.0 0.0 0.0 0.0 0.0 1.0 0.0 0.0 0.0 0.0 0.0 1.0 0.0 0.0 0.0 0.0 0.0 1.0
1.3900000000000001 -0.8763805413651949 -0.46121974578720426 -0.5391510173506867 0.41613633261617766 2.007548437498487 0.029536509514787798 1.0 0.0 0.0 0.0 0.0 0.0 1.0 0.0 0.0 0.0 0.0 0.0 1.0 0.0 0.0 0.0 0.0 0.0 1.0 0.0 0.0 0.0 0.0 0.0 1.0
1.4000000000000001 -0.879755172379238 -0.46396432259459064 -0.542961748478257 0.415198503514509 2.0118265148883308 0.029588704758036613 1.0 0.0 0.0 0.0 0.0 0.0 1.0 0.0 0.0 0.0 0.0 0.0 1.0 0.0 0.0 0.0 0.0 0.0 1.0 0.0 0.0 0.0 0.0 0.0 1.0
1.4100000000000001 -0.8830975629043605 -0.4667282416410759 -0.5467312876964142 0.4142608008069291 2.0160581611952524 0.029640670097626297 1.0 0.0 0.0 0.0 0.0 0.0 1.0 0.0 0.0 0.0 0.0 0.0 1.0 0.0 0.0 0.0 0.0 0.0 1.0 0.0 0.0 0.0 0.0 0.0 1.0
1.42 -0.886408159300913 -0.4695110555099402 -0.5504602241600023 0.4133232575682125 2.0202440411608404 0.029692410567804917 1.0 0.0 0.0 0.0 0.0 0.0 1.0 0.0 0.0 0.0 0.0 0.0 1.0 0.0 0.0 0.0 0.0 0.0 1.0 0.0 0.0 0.0 0.0 0.0 1.0
1.43 -0.8896874001048005 -0.4723123249501562 -0.5541491366624102 0.4123859062307843 2.024384807834779 0.029743931037788347 1.0 0.0 0.0 0.0 0.0 0.0 1.0 0.0 0.0 0.0 0.0 0.0 1.0 0.0 0.0 0.0 0.0 0.0 1.0 0.0 0.0 0.0 0.0 0.0 1.0
1.44 -0.8929357160866813 -0.47513161881337423 -0.5577985937141121 0.4114487785898187 2.0284811026634255 0.02979523596759575 1.0 0.0 0.0 0.0 0.0 0.0 1.0 0.0 0.0 0.0 0.0 0.0 1.0 0.0 0.0 0.0 0.0 0.0 1.0 0.0 0.0 0.0 0.0 0.0 1.0
1.45 -0.8961535306584477 -0.4779685136323507 -0.5614091540806591 0.41051190583609837 2.032533556096904 0.02984633013876819 1.0 0.0 0.0 0.0 0.0 0.0 1.0 0.0 0.0 0.0 0.0 0.0 1.0 0.0 0.0 0.0 0.0 0.0 1.0 0.0 0.0 0.0 0.0 0.0 1.0
1.46 -0.8993412598885228 -0.4808225936051408 -0.5649813668029205 0.4095753185572398 2.0365427876119413 0.029897218298005342 1.0 0.0 0.0 0.0 0.0 0.0 1.0 0.0 0.0 0.0 0.0 0.0 1.0 0.0 0.0 0.0 0.0 0.0 1.0 0.0 0.0 0.0 0.0 0.0 1.0
1.47 -0.9024993125037898 -0.48369345059310437 -0.5685157711996368 0.40863904673784734 2.0405094057147446 0.029947904770504578 1.0 0.0 0.0 0.0 0.0 0.0 1.0 0.0 0.0 0.0 0.0 0.0 1.0 0.0 0.0 0.0 0.0 0.0 1.0 0.0 0.0 0.0 0.0 0.0 1.0
1.48 -0.9056280901474326 -0.48658068385620334 -0.5720128972084055 0.4077031197798333 2.0444340083257577 0.02999839379139448 1.0 0.0 0.0 0.0 0.0 0.0 1.0 0.0 0.0 0.0 0.0 0.0 1.0 0.0 0.0 0.0 0.0 0.0 1.0 0.0 0.0 0.0 0.0 0.0 1.0
1.49 -0.9087279873803712 -0.4894839000542966 -0.5754732653872834 0.40676756650199103 2.0483171827814597 0.03004868912756388 1.0 0.0 0.0 0.0 0.0 0.0 1.0 0.0 0.0 0.0 0.0 0.0 1.0 0.0 0.0 0.0 0.0 0.0 1.0 0.0 0.0 0.0 0.0 0.0 1.0
1.5 -0.9117993919856354 -0.4924027129294973 -0.5788973873178531 0.40583241516498325 2.0521595062891893 0.030098794557618228 1.0 0.0 0.0 0.0 0.0 0.0 1.0 0.0 0.0 0.0 0.0 0.0 1.0 0.0 0.0 0.0 0.0 0.0 1.0 0.0 0.0 0.0 0.0 0.0 1.0
1.51 -0.9148426851828628 -0.4953367430839832 -0.5822857658890944 0.40489769348862886 2.0559615462474574 0.03014871410420252 1.0 0.0 0.0 0.0 0.0 0.0 1.0 0.0 0.0 0.0 0.0 0.0 1.0 0.0 0.0 0.0 0.0 0.0 1.0 0.0 0.0 0.0 0.0 0.0 1.0
1.52 -0.917858241628298 -0.4982856179799963 -0.5856388952973837 0.40396342865190266 2.0597238602459504 0.030198451674659826 1.0 0.0 0.0 0.0 0.0 0.0 1.0 0.0 0.0 0.0 0.0 0.0 1.0 0.0 0.0 0.0 0.0 0.0 1.0 0.0 0.0 0.0 0.0 0.0 1.0
1.53 -0.9208464294297116 -0.5012489719244573 -0.5889572610662295 0.40302964729412416 2.0634469960877926 0.030248010750171125 1.0 0.0 0.0 0.0 0.0 0.0 1.0 0.0 0.0 0.0 0.0 0.0 1.0 0.0 0.0 0.0 0.0 0.0 1.0 0.0 0.0 0.0 0.0 0.0 1.0
1.54 -0.9238076104401938 -0.5042264457676275 -0.5922413404347764 0.402096375538057 2.0671314922279325 0.030297394855036748 1.0 0.0 0.0 0.0 0.0 0.0 1.0 0.0 0.0 0.0 0.0 0.0 1.0 0.0 0.0 0.0 0.0 0.0 1.0 0.0 0.0 0.0 0.0 0.0 1.0
1.55 -0.9267421401705161 -0.5072176869953078 -0.595491602241669 0.40116363898256857 2.0707778776420738 0.030346606971293447 1.0 0.0 0.0 0.0 0.0 0.0 1.0 0.0 0.0 0.0 0.0 0.0 1.0 0.0 0.0 0.0 0.0 0.0 1.0 0.0 0.0 0.0 0.0 0.0 1.0
1.56 -0.9296503681622018 -0.5102223493401435 -0.5987085074190203 0.4002314627331336 2.074386672384082 0.030395650247775317 1.0 0.0 0.0 0.0 0.0 0.0 1.0 0.0 0.0 0.0 0.0 0.0 1.0 0.0 0.0 0.0 0.0 0.0 1.0 0.0 0.0 0.0 0.0 0.0 1.0
1.57 -0.9325326381177818 -0.5132400926467008 -0.6018925091647962 0.39929987141233075 2.0779583877804955 0.030444528035709118 1.0 0.0 0.0 0.0 0.0 0.0 1.0 0.0 0.0 0.0 0.0 0.0 1.0 0.0 0.0 0.0 0.0 0.0 1.0 0.0 0.0 0.0 0.0 0.0 1.0
1.58 -0.9353892879007947 -0.5162705828714659 -0.6050440529428153 0.39836888915984275 2.0814935264305277 0.03049324356802368 1.0 0.0 0.0 0.0 0.0 0.0 1.0 0.0 0.0 0.0 0.0 0.0 1.0 0.0 0.0 0.0 0.0 0.0 1.0 0.0 0.0 0.0 0.0 0.0 1.0
1.59 -0.9382206495483768 -0.5193134920698459 -0.6081635764994041 0.39743853963346254 2.084992582224863 0.030541799680302184 1.0 0.0 0.0 0.0 0.0 0.0 1.0 0.0 0.0 0.0 0.0 0.0 1.0 0.0 0.0 0.0 0.0 0.0 1.0 0.0 0.0 0.0 0.0 0.0 1.0
1.6 -0.9410270495554788 -0.5223684981043549 -0.6112515102392707 0.3965088460314973 2.088456040769768 0.03059019929044999 1.0 0.0 0.0 0.0 0.0 0.0 1.0 0.0 0.0 0.0 0.0 0.0 1.0 0.0 0.0 0.0 0.0 0.0 1.0 0.0 0.0 0.0 0.0 0.0 1.0
1.61 -0.9438088087714556 -0.5254352847532562 -0.6143082770884816 0.39557983108413686 2.0918843792324826 0.030638444807248866 1.0 0.0 0.0 0.0 0.0 0.0 1.0 0.0 0.0 0.0 0.0 0.0 1.0 0.0 0.0 0.0 0.0 0.0 1.0 0.0 0.0 0.0 0.0 0.0 1.0
1.62 -0.9465662427381044 -0.5285135413578474 -0.6173342929421021 0.3946515170811936 2.095278066846335 0.03068653877779765 1.0 0.0 0.0 0.0 0.0 0.0 1.0 0.0 0.0 0.0 0.0 0.0 1.0 0.0 0.0 0.0 0.0 0.0 1.0 0.0 0.0 0.0 0.0 0.0 1.0
1.6300000000000001 -0.9492996618238788 -0.5316029626833113 -0.6203299668418312 0.39372392588294247 2.098637565111183 0.030734483970343174 1.0 0.0 0.0 0.0 0.0 0.0 1.0 0.0 0.0 0.0 0.0 0.0 1.0 0.0 0.0 0.0 0.0 0.0 1.0 0.0 0.0 0.0 0.0 0.0 1.0
1.6400000000000001 -0.9520093712238887 -0.5347032489187152 -0.6232957009760013 0.39279707892012095 2.1019633277934138 0.030782283089770414 1.0 0.0 0.0 0.0 0.0 0.0 1.0 0.0 0.0 0.0 0.0 0.0 1.0 0.0 0.0 0.0 0.0 0.0 1.0 0.0 0.0 0.0 0.0 0.0 1.0
1.6500000000000001 -0.954695670960071 -0.5378141056768377 -0.6262318906798041 0.39187099719394125 2.1052558009261926 0.03082993849971886 1.0 0.0 0.0 0.0 0.0 0.0 1.0 0.0 0.0 0.0 0.0 0.0 1.0 0.0 0.0 0.0 0.0 0.0 1.0 0.0 0.0 0.0 0.0 0.0 1.0
1.6600000000000001 -0.9573588560994898 -0.5409352437693665 -0.6291389247240545 0.39094570129342965 2.1085154231353194 0.030877452554660675 1.0 0.0 0.0 0.0 0.0 0.0 1.0 0.0 0.0 0.0 0.0 0.0 1.0 0.0 0.0 0.0 0.0 0.0 1.0 0.0 0.0 0.0 0.0 0.0 1.0
1.6700000000000002 -0.9599992167487066 -0.5440663792155697 -0.6320171853074431 0.3900212113944182 2.1117426256304426 0.03092482731349195 1.0 0.0 0.0 0.0 0.0 0.0 1.0 0.0 0.0 0.0 0.0 0.0 1.0 0.0 0.0 0.0 0.0 0.0 1.0 0.0 0.0 0.0 0.0 0.0 1.0
1.68 -0.9626170382175978 -0.5472072330697152 -0.6348670482736388 0.3890975472733096 2.1149378324500665 0.03097206473633625 1.0 0.0 0.0 0.0 0.0 0.0 1.0 0.0 0.0 0.0 0.0 0.0 1.0 0.0 0.0 0.0 0.0 0.0 1.0 0.0 0.0 0.0 0.0 0.0 1.0
1.69 -0.9652126012489588 -0.5503575311826018 -0.6376888834152199 0.38817472832570316 2.1181014608044997 0.031027081553197146 1.0 0.0 0.0 0.0 0.0 0.0 1.0 0.0 0.0 0.0 0.0 0.0 1.0 0.0 0.0 0.0 0.0 0.0 1.0 0.0 0.0 0.0 0.0 0.0 1.0
1.7 -0.967786182018504 -0.5535170042015591 -0.6404830544736733 0.3872527735663948 2.121233921075854 0.031086249936815306 1.0 0.0 0.0 0.0 0.0 0.0 1.0 0.0 0.0 0.0 0.0 0.0 1.0 0.0 0.0 0.0 0.0 0.0 1.0 0.0 0.0 0.0 0.0 0.0 1.0
1.71 -0.9703380521348667 -0.556685387570448 -0.643249919139395 0.3863317016293773 2.124335616818045 0.031145146765349296 1.0 0.0 0.0 0.0 0.0 0.0 1.0 0.0 0.0 0.0 0.0 0.0 1.0 0.0 0.0 0.0 0.0 0.0 1.0 0.0 0.0 0.0 0.0 0.0 1.0
1.72 -0.9728684787085948 -0.5598624214583824 -0.6459898291429814 0.3854115307733642 2.1274069448598056 0.03120377612324545 1.0 0.0 0.0 0.0 0.0 0.0 1.0 0.0 0.0 0.0 0.0 0.0 1.0 0.0 0.0 0.0 0.0 0.0 1.0 0.0 0.0 0.0 0.0 0.0 1.0
1.73 -0.9753777245791081 -0.5630478505274028 -0.6487031305552969 0.38449227889954113 2.1304482956432604 0.03126214181088002 1.0 0.0 0.0 0.0 0.0 0.0 1.0 0.0 0.0 0.0 0.0 0.0 1.0 0.0 0.0 0.0 0.0 0.0 1.0 0.0 0.0 0.0 0.0 0.0 1.0
1.74 -0.9778660481810153 -0.5662414240702476 -0.6513901636106316 0.38357396354093226 2.1334600530243932 0.03132024796038579 1.0 0.0 0.0 0.0 0.0 0.0 1.0 0.0 0.0 0.0 0.0 0.0 1.0 0.0 0.0 0.0 0.0 0.0 1.0 0.0 0.0 0.0 0.0 0.0 1.0
1.75 -0.9803337038973345 -0.5694428956420698 -0.6540512631744123 0.38265660189133 2.136442594800806 0.031378098270394825 1.0 0.0 0.0 0.0 0.0 0.0 1.0 0.0 0.0 0.0 0.0 0.0 1.0 0.0 0.0 0.0 0.0 0.0 1.0 0.0 0.0 0.0 0.0 0.0 1.0
1.76 -0.9827809420920234 -0.5726520230266745 -0.6566867587862614 0.3817402108079293 2.139396292760309 0.031435696143792366 1.0 0.0 0.0 0.0 0.0 0.0 1.0 0.0 0.0 0.0 0.0 0.0 1.0 0.0 0.0 0.0 0.0 0.0 1.0 0.0 0.0 0.0 0.0 0.0 1.0
1.77 -0.9852080091099787 -0.5758685682365191 -0.6592969746599963 0.38082480681132824 2.14232151268092 0.03149304491251598 1.0 0.0 0.0 0.0 0.0 0.0 1.0 0.0 0.0 0.0 0.0 0.0 1.0 0.0 0.0 0.0 0.0 0.0 1.0 0.0 0.0 0.0 0.0 0.0 1.0
1.78 -0.9876151472770375 -0.579092297512713 -0.6618822296836301 0.3799104060855275 2.1452186143308642 0.03155014805759997 1.0 0.0 0.0 0.0 0.0 0.0 1.0 0.0 0.0 0.0 0.0 0.0 1.0 0.0 0.0 0.0 0.0 0.0 1.0 0.0 0.0 0.0 0.0 0.0 1.0
1.79 -0.9900025950729335 -0.5823229811463061 -0.6644428376482222 0.378997024491781 2.1480879517267932 0.03160700893717108 1.0 0.0 0.0 0.0 0.0 0.0 1.0 0.0 0.0 0.0 0.0 0.0 1.0 0.0 0.0 0.0 0.0 0.0 1.0 0.0 0.0 0.0 0.0 0.0 1.0
1.8 -0.9923705871548036 -0.5855603934566567 -0.6669791072786952 0.3780846775699702 2.150929873168588 0.03166363093436219 1.0 0.0 0.0 0.0 0.0 0.0 1.0 0.0 0.0 0.0 0.0 0.0 1.0 0.0 0.0 0.0 0.0 0.0 1.0 0.0 0.0 0.0 0.0 0.0 1.0
1.81 -0.9947193544095178 -0.5888043127345235 -0.6694913423033829 0.3771733805433361 2.153744721317795 0.03172001751288339 1.0 0.0 0.0 0.0 0.0 0.0 1.0 0.0 0.0 0.0 0.0 0.0 1.0 0.0 0.0 0.0 0.0 0.0 1.0 0.0 0.0 0.0 0.0 0.0 1.0
1.82 -0.9970491241967193 -0.5920545209888075 -0.6719798417758278 0.3762631483383631 2.1565328335607727 0.03177617173179627 1.0 0.0 0.0 0.0 0.0 0.0 1.0 0.0 0.0 0.0 0.0 0.0 1.0 0.0 0.0 0.0 0.0 0.0 1.0 0.0 0.0 0.0 0.0 0.0 1.0
1.83 -0.9993601203491596 -0.5953108039462054 -0.6744449000752252 0.3753539955848049 2.1592945420091865 0.03183209644258065 1.0 0.0 0.0 0.0 0.0 0.0 1.0 0.0 0.0 0.0 0.0 0.0 1.0 0.0 0.0 0.0 0.0 0.0 1.0 0.0 0.0 0.0 0.0 0.0 1.0
1.84 -1.0016525631726976 -0.5985729510512099 -0.6768868069064229 0.3744459366156843 2.1620301735000065 0.031887794482905324 1.0 0.0 0.0 0.0 0.0 0.0 1.0 0.0 0.0 0.0 0.0 0.0 1.0 0.0 0.0 0.0 0.0 0.0 1.0 0.0 0.0 0.0 0.0 0.0 1.0
1.85 -1.0039266694477642 -0.6018407554645879 -0.6793058473018609 0.3735389854674114 2.1647400495977083 0.03194424214065072 1.0 0.0 0.0 0.0 0.0 0.0 1.0 0.0 0.0 0.0 0.0 0.0 1.0 0.0 0.0 0.0 0.0 0.0 1.0 0.0 0.0 0.0 0.0 0.0 1.0
1.86 -1.0061826526391473 -0.6051140138463331 -0.681702301899175 0.37263315589664286 2.1674244869074824 0.03204218771381526 1.0 0.0 0.0 0.0 0.0 0.0 1.0 0.0 0.0 0.0 0.0 0.0 1.0 0.0 0.0 0.0 0.0 0.0 1.0 0.0 0.0 0.0 0.0 0.0 1.0
1.87 -1.0084207228108297 -0.608392526446442 -0.6840764468282275 0.3717284613729189 2.1700837969477944 0.032140005002475394 1.0 0.0 0.0 0.0 0.0 0.0 1.0 0.0 0.0 0.0 0.0 0.0 1.0 0.0 0.0 0.0 0.0 0.0 1.0 0.0 0.0 0.0 0.0 0.0 1.0
1.8800000000000001 -1.0106410867693125 -0.6116760969531325 -0.6864285539011301 0.37082491509085896 2.1727182863647916 0.032237692944231955 1.0 0.0 0.0 0.0 0.0 0.0 1.0 0.0 0.0 0.0 0.0 0.0 1.0 0.0 0.0 0.0 0.0 0.0 1.0 0.0 0.0 0.0 0.0 0.0 1.0
1.8900000000000001 -1.0128439482337352 -0.6149645323153076 -0.6887588908375245 0.3699225299841272 2.1753282571865165 0.03233525064757164 1.0 0.0 0.0 0.0 0.0 0.0 1.0 0.0 0.0 0.0 0.0 0.0 1.0 0.0 0.0 0.0 0.0 0.0 1.0 0.0 0.0 0.0 0.0 0.0 1.0
1.9000000000000001 -1.015029507835876 -0.6182576427425546 -0.6910677212645833 0.3690213187254322 2.177914006822907 0.032432677299223465 1.0 0.0 0.0 0.0 0.0 0.0 1.0 0.0 0.0 0.0 0.0 0.0 1.0 0.0 0.0 0.0 0.0 0.0 1.0 0.0 0.0 0.0 0.0 0.0 1.0
1.9100000000000001 -1.0171979631201518 -0.621555241705146 -0.693355304717009 0.368121293726527 2.180475828065796 0.03252997207321332 1.0 0.0 0.0 0.0 0.0 0.0 1.0 0.0 0.0 0.0 0.0 0.0 1.0 0.0 0.0 0.0 0.0 0.0 1.0 0.0 0.0 0.0 0.0 0.0 1.0
1.9200000000000002 -1.0193495085436188 -0.6248571459340387 -0.6956218966370351 0.3672224671382092 2.1830140090889123 0.03262713404159069 1.0 0.0 0.0 0.0 0.0 0.0 1.0 0.0 0.0 0.0 0.0 0.0 1.0 0.0 0.0 0.0 0.0 0.0 1.0 0.0 0.0 0.0 0.0 0.0 1.0
1.93 -1.021484335644383 -0.6281631752461472 -0.6978677485973274 0.36632485086394645 2.185528833699385 0.03272416234752956 1.0 0.0 0.0 0.0 0.0 0.0 1.0 0.0 0.0 0.0 0.0 0.0 1.0 0.0 0.0 0.0 0.0 0.0 1.0 0.0 0.0 0.0 0.0 0.0 1.0
1.94 -1.0236026330149686 -0.6314731525744567 -0.7000931082654994 0.3654284565572425 2.1880205812977507 0.032821056075148874 1.0 0.0 0.0 0.0 0.0 0.0 1.0 0.0 0.0 0.0 0.0 0.0 1.0 0.0 0.0 0.0 0.0 0.0 1.0 0.0 0.0 0.0 0.0 0.0 1.0
1.95 -1.0257045863504202 -0.634786903915502 -0.7022982194680187 0.3645332956260337 2.1904895269499955 0.03291781424363792 1.0 0.0 0.0 0.0 0.0 0.0 1.0 0.0 0.0 0.0 0.0 0.0 1.0 0.0 0.0 0.0 0.0 0.0 1.0 0.0 0.0 0.0 0.0 0.0 1.0
1.96 -1.02779037864902 -0.6381042581193681 -0.7044833224560829 0.36363937924927053 2.1929359416876233 0.033014436038449224 1.0 0.0 0.0 0.0 0.0 0.0 1.0 0.0 0.0 0.0 0.0 0.0 1.0 0.0 0.0 0.0 0.0 0.0 1.0 0.0 0.0 0.0 0.0 0.0 1.0
1.97 -1.0298601902122968 -0.6414250468896845 -0.7066486539056257 0.36274671837691763 2.1953600925076486 0.03311092073108971 1.0 0.0 0.0 0.0 0.0 0.0 1.0 0.0 0.0 0.0 0.0 0.0 1.0 0.0 0.0 0.0 0.0 0.0 1.0 0.0 0.0 0.0 0.0 0.0 1.0
1.98 -1.0319141986450255 -0.6447491047836241 -0.7087944469173167 0.36185532372995366 2.1977622423725984 0.0332072676003861 1.0 0.0 0.0 0.0 0.0 0.0 1.0 0.0 0.0 0.0 0.0 0.0 1.0 0.0 0.0 0.0 0.0 0.0 1.0 0.0 0.0 0.0 0.0 0.0 1.0
1.99 -1.0339525788552275 -0.648076269211904 -0.7109209310165616 0.3609652058003716 2.2001426502105104 0.033303475855209666 1.0 0.0 0.0 0.0 0.0 0.0 1.0 0.0 0.0 0.0 0.0 0.0 1.0 0.0 0.0 0.0 0.0 0.0 1.0 0.0 0.0 0.0 0.0 0.0 1.0
2.0 -1.0359755031223141 -0.6514063803678002 -0.7130283322437245 0.3600763748567479 2.2025015710167413 0.033399544664790545 1.0 0.0 0.0 0.0 0.0 0.0 1.0 0.0 0.0 0.0 0.0 0.0 1.0 0.0 0.0 0.0 0.0 0.0 1.0 0.0 0.0 0.0 0.0 0.0 1.0
2.01 -1.0379831412444782 -0.6547392810754661 -0.7151168733490934 0.35918884095592635 2.204839256073962 0.03349547331155735 1.0 0.0 0.0 0.0 0.0 0.0 1.0 0.0 0.0 0.0 0.0 0.0 1.0 0.0 0.0 0.0 0.0 0.0 1.0 0.0 0.0 0.0 0.0 0.0 1.0
2.02 -1.0399756603825316 -0.6580748169521697 -0.7171867735861495 0.35830261393034313 2.2071559527188773 0.033591260875839635 1.0 0.0 0.0 0.0 0.0 0.0 1.0 0.0 0.0 0.0 0.0 0.0 1.0 0.0 0.0 0.0 0.0 0.0 1.0 0.0 0.0 0.0 0.0 0.0 1.0
2.03 -1.0419532253270805 -0.6614128361275148 -0.7192382490655838 0.3574177034103375 2.209451904741715 0.033686906584321476 1.0 0.0 0.0 0.0 0.0 0.0 1.0 0.0 0.0 0.0 0.0 0.0 1.0 0.0 0.0 0.0 0.0 0.0 1.0 0.0 0.0 0.0 0.0 0.0 1.0
2.04 -1.0439159985176274 -0.6647531892234544 -0.721271512780596 0.35653411882573 2.2117273524147674 0.03378240977041315 1.0 0.0 0.0 0.0 0.0 0.0 1.0 0.0 0.0 0.0 0.0 0.0 1.0 0.0 0.0 0.0 0.0 0.0 1.0 0.0 0.0 0.0 0.0 0.0 1.0
2.05 -1.0458641400425703 -0.6680957293542907 -0.7232867746068943 0.3556518694058227 2.2139825324923947 0.03387776980604367 1.0 0.0 0.0 0.0 0.0 0.0 1.0 0.0 0.0 0.0 0.0 0.0 1.0 0.0 0.0 0.0 0.0 0.0 1.0 0.0 0.0 0.0 0.0 0.0 1.0
2.0599999999999996 -1.0477978076392043 -0.6714403121266753 -0.7252842413026955 0.3547709641793992 2.2162176782110246 0.03397298603472061 1.0 0.0 0.0 0.0 0.0 0.0 1.0 0.0 0.0 0.0 0.0 0.0 1.0 0.0 0.0 0.0 0.0 0.0 1.0 0.0 0.0 0.0 0.0 0.0 1.0
2.07 -1.0497171566946466 -0.674786795638631 -0.7272641165099565 0.3538914119748014 2.2184330192905426 0.0340680577073062 1.0 0.0 0.0 0.0 0.0 0.0 1.0 0.0 0.0 0.0 0.0 0.0 1.0 0.0 0.0 0.0 0.0 0.0 1.0 0.0 0.0 0.0 0.0 0.0 1.0
2.0799999999999996 -1.0516223404176992 -0.6781350403003646 -0.7292266009819323 0.3530132214340103 2.2206287821910626 0.03416298418611356 1.0 0.0 0.0 0.0 0.0 0.0 1.0 0.0 0.0 0.0 0.0 0.0 1.0 0.0 0.0 0.0 0.0 0.0 1.0 0.0 0.0 0.0 0.0 0.0 1.0
2.09 -1.0535135097432244 -0.6814849089362351 -0.7311718924563313 0.35213640100436805 2.2228051899697983 0.0342577647293935 1.0 0.0 0.0 0.0 0.0 0.0 1.0 0.0 0.0 0.0 0.0 0.0 1.0 0.0 0.0 0.0 0.0 0.0 1.0 0.0 0.0 0.0 0.0 0.0 1.0
2.0999999999999996 -1.0553908134146168 -0.684836266696164 -0.7331001857647859 0.35126095894584103 2.2249624624045907 0.03435239856198408 1.0 0.0 0.0 0.0 0.0 0.0 1.0 0.0 0.0 0.0 0.0 0.0 1.0 0.0 0.0 0.0 0.0 0.0 1.0 0.0 0.0 0.0 0.0 0.0 1.0
2.11 -1.0572543981288922 -0.6881889809030853 -0.7350116730251045 0.3503869033431499 2.2271008162108545 0.03444688504340713 1.0 0.0 0.0 0.0 0.0 0.0 1.0 0.0 0.0 0.0 0.0 0.0 1.0 0.0 0.0 0.0 0.0 0.0 1.0 0.0 0.0 0.0 0.0 0.0 1.0
2.1199999999999997 -1.0591044085366865 -0.6915429210529442 -0.7369065436412716 0.34951424210576976 2.2292204650415766 0.0345412236087127 1.0 0.0 0.0 0.0 0.0 0.0 1.0 0.0 0.0 0.0 0.0 0.0 1.0 0.0 0.0 0.0 0.0 0.0 1.0 0.0 0.0 0.0 0.0 0.0 1.0
2.13 -1.0609409872422566 -0.694897958814699 -0.7387849843034477 0.34864298296792984 2.231321619487316 0.034635413710409575 1.0 0.0 0.0 0.0 0.0 0.0 1.0 0.0 0.0 0.0 0.0 0.0 1.0 0.0 0.0 0.0 0.0 0.0 1.0 0.0 0.0 0.0 0.0 0.0 1.0
2.1399999999999997 -1.0627642748034793 -0.6982539680303187 -0.7406471789879691 0.34777313348861405 2.2334044870762044 0.034729454761483064 1.0 0.0 0.0 0.0 0.0 0.0 1.0 0.0 0.0 0.0 0.0 0.0 1.0 0.0 0.0 0.0 0.0 0.0 1.0 0.0 0.0 0.0 0.0 0.0 1.0
2.15 -1.0645744097401926 -0.7016108247060295 -0.7424933089683966 0.34690470105225507 2.2354692722864105 0.0348233460926069 1.0 0.0 0.0 0.0 0.0 0.0 1.0 0.0 0.0 0.0 0.0 0.0 1.0 0.0 0.0 0.0 0.0 0.0 1.0 0.0 0.0 0.0 0.0 0.0 1.0
2.1599999999999997 -1.066371528716073 -0.7049684068223001 -0.7443235530563912 0.3460376928837059 2.237516176817956 0.03491708718259648 1.0 0.0 0.0 0.0 0.0 0.0 1.0 0.0 0.0 0.0 0.0 0.0 1.0 0.0 0.0 0.0 0.0 0.0 1.0 0.0 0.0 0.0 0.0 0.0 1.0
2.17 -1.0681557663723857 -0.7083265945096678 -0.7461380873813092 0.34517211603413983 2.2395453993439887 0.035010677341033164 1.0 0.0 0.0 0.0 0.0 0.0 1.0 0.0 0.0 0.0 0.0 0.0 1.0 0.0 0.0 0.0 0.0 0.0 1.0 0.0 0.0 0.0 0.0 0.0 1.0
2.1799999999999997 -1.0699272554836528 -0.7116852698830765 -0.7479370855966849 0.3443079773944519 2.2415571357437973 0.03510411590399773 1.0 0.0 0.0 0.0 0.0 0.0 1.0 0.0 0.0 0.0 0.0 0.0 1.0 0.0 0.0 0.0 0.0 0.0 1.0 0.0 0.0 0.0 0.0 0.0 1.0
2.19 -1.0716861270458582 -0.7150443169489051 -0.7497207189971307 0.34344528370267835 2.2435515792347243 0.03519740232212093 1.0 0.0 0.0 0.0 0.0 0.0 1.0 0.0 0.0 0.0 0.0 0.0 1.0 0.0 0.0 0.0 0.0 0.0 1.0 0.0 0.0 0.0 0.0 0.0 1.0
2.1999999999999997 -1.0734325102764464 -0.7184036216049666 -0.7514891565183347 0.3425840415439968 2.245528920372163 0.03529053611013408 1.0 0.0 0.0 0.0 0.0 0.0 1.0 0.0 0.0 0.0 0.0 0.0 1.0 0.0 0.0 0.0 0.0 0.0 1.0 0.0 0.0 0.0 0.0 0.0 1.0
2.21 -1.0751665326143234 -0.7217630716405091 -0.7532425647370632 0.34172425735072604 2.2474893470495596 0.03538351679733928 1.0 0.0 0.0 0.0 0.0 0.0 1.0 0.0 0.0 0.0 0.0 0.0 1.0 0.0 0.0 0.0 0.0 0.0 1.0 0.0 0.0 0.0 0.0 0.0 1.0
2.2199999999999998 -1.0768883197198558 -0.7251225567362147 -0.7549811078711586 0.34086593740232635 2.2494330444984123 0.03547634387900286 1.0 0.0 0.0 0.0 0.0 0.0 1.0 0.0 0.0 0.0 0.0 0.0 1.0 0.0 0.0 0.0 0.0 0.0 1.0 0.0 0.0 0.0 0.0 0.0 1.0
2.23 -1.0785979954776725 -0.7284819684612515 -0.7567049477832489 0.3400090878256331 2.251360195292461 0.0355690167730737 1.0 0.0 0.0 0.0 0.0 0.0 1.0 0.0 0.0 0.0 0.0 0.0 1.0 0.0 0.0 0.0 0.0 0.0 1.0 0.0 0.0 0.0 0.0 0.0 1.0
2.2399999999999998 -1.0802956821572585 -0.7318412001047128 -0.7584142441935265 0.3391537146082314 2.253270979587775 0.03566153502681206 1.0 0.0 0.0 0.0 0.0 0.0 1.0 0.0 0.0 0.0 0.0 0.0 1.0 0.0 0.0 0.0 0.0 0.0 1.0 0.0 0.0 0.0 0.0 0.0 1.0
2.25 -1.0819815002820636 -0.7352001468149876 -0.7601091545061082 0.338299823587168 2.2551655749268296 0.035753898061667816 1.0 0.0 0.0 0.0 0.0 0.0 1.0 0.0 0.0 0.0 0.0 0.0 1.0 0.0 0.0 0.0 0.0 0.0 1.0 0.0 0.0 0.0 0.0 0.0 1.0
2.26 -1.0836555687245928 -0.7385587054976029 -0.761789833935275 0.33744742045732695 2.2570441563809522 0.03584610528164181 1.0 0.0 0.0 0.0 0.0 0.0 1.0 0.0 0.0 0.0 0.0 0.0 1.0 0.0 0.0 0.0 0.0 0.0 1.0 0.0 0.0 0.0 0.0 0.0 1.0
2.27 -1.0853180048136015 -0.7419167747018204 -0.7634564356475833 0.33659651078052677 2.25890689671069 0.035938156199717054 1.0 0.0 0.0 0.0 0.0 0.0 1.0 0.0 0.0 0.0 0.0 0.0 1.0 0.0 0.0 0.0 0.0 0.0 1.0 0.0 0.0 0.0 0.0 0.0 1.0
2.28 -1.0869689243340956 -0.7452742546206336 -0.7651091107618639 0.3357470999855205 2.2607539663658085 0.03603005039473249 1.0 0.0 0.0 0.0 0.0 0.0 1.0 0.0 0.0 0.0 0.0 0.0 1.0 0.0 0.0 0.0 0.0 0.0 1.0 0.0 0.0 0.0 0.0 0.0 1.0
2.29 -1.088608441527331 -0.7486310470907704 -0.7667480083492231 0.33489919336799545 2.2625855334852942 0.036121787469035466 1.0 0.0 0.0 0.0 0.0 0.0 1.0 0.0 0.0 0.0 0.0 0.0 1.0 0.0 0.0 0.0 0.0 0.0 1.0 0.0 0.0 0.0 0.0 0.0 1.0
2.3 -1.0902366690908136 -0.7519870555926915 -0.7683732754330415 0.3340527960905736 2.2644017638973524 0.036213367006916665 1.0 0.0 0.0 0.0 0.0 0.0 1.0 0.0 0.0 0.0 0.0 0.0 1.0 0.0 0.0 0.0 0.0 0.0 1.0 0.0 0.0 0.0 0.0 0.0 1.0
2.31 -1.0918537181783 -0.7553421852505913 -0.7699850569889751 0.3332079131828113 2.2662028211194065 0.036304788533795956 1.0 0.0 0.0 0.0 0.0 0.0 1.0 0.0 0.0 0.0 0.0 0.0 1.0 0.0 0.0 0.0 0.0 0.0 1.0 0.0 0.0 0.0 0.0 0.0 1.0
2.32 -1.0934596984721772 -0.7586963427559973 -0.7715834960408909 0.33236454954730876 2.2679888664663532 0.036396051591163804 1.0 0.0 0.0 0.0 0.0 0.0 1.0 0.0 0.0 0.0 0.0 0.0 1.0 0.0 0.0 0.0 0.0 0.0 1.0 0.0 0.0 0.0 0.0 0.0 1.0
2.3299999999999996 -1.0950547182409998 -0.762049436308441 -0.773168733736997 0.3315227099642943 2.269760059136485 0.036487155786792784 1.0 0.0 0.0 0.0 0.0 0.0 1.0 0.0 0.0 0.0 0.0 0.0 1.0 0.0 0.0 0.0 0.0 0.0 1.0 0.0 0.0 0.0 0.0 0.0 1.0
2.34 -1.0966388842195705 -0.7654013757414391 -0.7747409091909354 0.33068239908161884 2.2715165560321453 0.03657810056653547 1.0 0.0 0.0 0.0 0.0 0.0 1.0 0.0 0.0 0.0 0.0 0.0 1.0 0.0 0.0 0.0 0.0 0.0 1.0 0.0 0.0 0.0 0.0 0.0 1.0
2.3499999999999996 -1.098212301797837 -0.768752072321593 -0.776300159732334 0.32984362143099294 2.273258512042485 0.03666888547882885 1.0 0.0 0.0 0.0 0.0 0.0 1.0 0.0 0.0 0.0 0.0 0.0 1.0 0.0 0.0 0.0 0.0 0.0 1.0 0.0 0.0 0.0 0.0 0.0 1.0
2.36 -1.099775075027274 -0.772101438741832 -0.7778466209152646 0.3290063814285296 2.2749860800530035 0.03675951014789202 1.0 0.0 0.0 0.0 0.0 0.0 1.0 0.0 0.0 0.0 0.0 0.0 1.0 0.0 0.0 0.0 0.0 0.0 1.0 0.0 0.0 0.0 0.0 0.0 1.0
2.3699999999999997 -1.1013273066208817 -0.7754493891214113 -0.7793804265182418 0.32817068337474475 2.2766994109455467 0.03684997423742551 1.0 0.0 0.0 0.0 0.0 0.0 1.0 0.0 0.0 0.0 0.0 0.0 1.0 0.0 0.0 0.0 0.0 0.0 1.0 0.0 0.0 0.0 0.0 0.0 1.0
2.38 -1.102869097953188 -0.7787958390059138 -0.7809017085442245 0.3273365314545569 2.2783986535983076 0.036940277414959276 1.0 0.0 0.0 0.0 0.0 0.0 1.0 0.0 0.0 0.0 0.0 0.0 1.0 0.0 0.0 0.0 0.0 0.0 1.0 0.0 0.0 0.0 0.0 0.0 1.0
2.3899999999999997 -1.104400549060246 -0.7821407053672487 -0.7824105972206147 0.3265039297372872 2.2800839548858267 0.03703041931684954 1.0 0.0 0.0 0.0 0.0 0.0 1.0 0.0 0.0 0.0 0.0 0.0 1.0 0.0 0.0 0.0 0.0 0.0 1.0 0.0 0.0 0.0 0.0 0.0 1.0
2.4 -1.105921758641303 -0.7854839066018819 -0.7839072210014697 0.3256728821768015 2.281755459681492 0.03712039951656915 1.0 0.0 0.0 0.0 0.0 0.0 1.0 0.0 0.0 0.0 0.0 0.0 1.0 0.0 0.0 0.0 0.0 0.0 1.0 0.0 0.0 0.0 0.0 0.0 1.0
2.4099999999999997 -1.1074328241938984 -0.7888253623877965 -0.7853917067466182 0.32484339262300155 2.283413311059647 0.03721021770650938 1.0 0.0 0.0 0.0 0.0 0.0 1.0 0.0 0.0 0.0 0.0 0.0 1.0 0.0 0.0 0.0 0.0 0.0 1.0 0.0 0.0 0.0 0.0 0.0 1.0
2.42 -1.1089338418969796 -0.7921649938098166 -0.7868641795665285 0.3240154648115769 2.285057650120547 0.03729987347623515 1.0 0.0 0.0 0.0 0.0 0.0 1.0 0.0 0.0 0.0 0.0 0.0 1.0 0.0 0.0 0.0 0.0 0.0 1.0 0.0 0.0 0.0 0.0 0.0 1.0
2.4299999999999997 -1.110424906671546 -0.7955027232936998 -0.7883247629028904 0.32318910236949433 2.286688616081285 0.03738936637914132 1.0 0.0 0.0 0.0 0.0 0.0 1.0 0.0 0.0 0.0 0.0 0.0 1.0 0.0 0.0 0.0 0.0 0.0 1.0 0.0 0.0 0.0 0.0 0.0 1.0
2.44 -1.1119061122791796 -0.7988384745010865 -0.7897735786593272 0.32236430882351647 2.2883063464233 0.03747869605886735 1.0 0.0 0.0 0.0 0.0 0.0 1.0 0.0 0.0 0.0 0.0 0.0 1.0 0.0 0.0 0.0 0.0 0.0 1.0 0.0 0.0 0.0 0.0 0.0 1.0
2.4499999999999997 -1.113377551322047 -0.802172172329499 -0.7912107472013954 0.3215410876002023 2.2899109768923758 0.03756786221808076 1.0 0.0 0.0 0.0 0.0 0.0 1.0 0.0 0.0 0.0 0.0 0.0 1.0 0.0 0.0 0.0 0.0 0.0 1.0 0.0 0.0 0.0 0.0 0.0 1.0
2.46 -1.1148393152428973 -0.8055037429123428 -0.792636387356586 0.3207194420259068 2.2915026414986412 0.03765686458781116 1.0 0.0 0.0 0.0 0.0 0.0 1.0 0.0 0.0 0.0 0.0 0.0 1.0 0.0 0.0 0.0 0.0 0.0 1.0 0.0 0.0 0.0 0.0 0.0 1.0
2.4699999999999998 -1.1162914943250624 -0.8088331136189052 -0.7940506164143232 0.31989937532678114 2.293081472516571 0.03774570289733278 1.0 0.0 0.0 0.0 0.0 0.0 1.0 0.0 0.0 0.0 0.0 0.0 1.0 0.0 0.0 0.0 0.0 0.0 1.0 0.0 0.0 0.0 0.0 0.0 1.0
2.48 -1.1177341776924585 -0.8121602130543563 -0.795453550125965 0.31908089062877265 2.294647600484985 0.03783437684457535 1.0 0.0 0.0 0.0 0.0 0.0 1.0 0.0 0.0 0.0 0.0 0.0 1.0 0.0 0.0 0.0 0.0 0.0 1.0 0.0 0.0 0.0 0.0 0.0 1.0
2.4899999999999998 -1.1191674533129725 -0.8154849710561277 -0.7968453027093051 0.31826399095791874 2.296201154212137 0.03792288607252497 1.0 0.0 0.0 0.0 0.0 0.0 1.0 0.0 0.0 0.0 0.0 0.0 1.0 0.0 0.0 0.0 0.0 0.0 1.0 0.0 0.0 0.0 0.0 0.0 1.0
2.5 -1.1205914081288744 -0.8188073185552267 -0.798225987021517 0.31744867925155695 2.297742260970844 0.0380112303498423 1.0 0.0 0.0 0.0 0.0 0.0 1.0 0.0 0.0 0.0 0.0 0.0 1.0 0.0 0.0 0.0 0.0 0.0 1.0 0.0 0.0 0.0 0.0 0.0 1.0
