0 2.0 0.0 0.1 1.0 0.0 0.0 1.0
0.01 1.9973797653641872 0.037514388670121974 0.15000417973580293 1.0 0.0 0.0 1.0
0.02 1.9941102660787713 0.07495964462674842 0.14999928109016156 1.0 0.0 0.0 1.0
0.03 1.990193391457806 0.11232156152156844 0.14998634553992016 1.0 0.0 0.0 1.0
0.04 1.9856311485250073 0.14958595687083626 0.14996670252969693 1.0 0.0 0.0 1.0
0.05 1.98042566212756 0.18673868081045353 0.14994193971118233 1.0 0.0 0.0 1.0
0.060000000000000005 1.9745791751049486 0.22376562478995315 0.1499135308469663 1.0 0.0 0.0 1.0
0.06999999999999999 1.9680940490740186 0.26065272863921574 0.1498831381079253 1.0 0.0 0.0 1.0
0.08 1.9609727653153106 0.2973859907772869 0.14985365195612296 1.0 0.0 0.0 1.0
0.09 1.9532179258513978 0.3339514749019318 0.14982621755060718 1.0 0.0 0.0 1.0
0.09999999999999999 1.9448322552302288 0.37033531959161453 0.14980321773902056 1.0 0.0 0.0 1.0
0.11 1.9358186019566852 0.4065237468113715 0.14978675479734418 1.0 0.0 0.0 1.0
0.12 1.9261799407590625 0.4425030693935488 0.14977867271328993 1.0 0.0 0.0 1.0
0.13 1.9159193749111567 0.478259701513841 0.1497796952326459 1.0 0.0 0.0 1.0
0.14 1.9050401384379545 0.5137801653597263 0.1497931258058 1.0 0.0 0.0 1.0
0.15000000000000002 1.8935455994068418 0.5490511009497758 0.14981768675388493 1.0 0.0 0.0 1.0
0.16 1.8814392623970053 0.5840592747265336 0.14986141524794347 1.0 0.0 0.0 1.0
0.17 1.8687247719459492 0.6187915868863011 0.14991914726756506 1.0 0.0 0.0 1.0
0.18000000000000002 1.8554059161094718 0.6532350819233563 0.14998799362909376 1.0 0.0 0.0 1.0
0.19 1.8414866294164725 0.6873769552476794 0.15006820535757587 1.0 0.0 0.0 1.0
0.2 1.82697099727778 0.7212045623467304 0.1501600827575439 1.0 0.0 0.0 1.0
0.21000000000000002 1.8118632593088102 0.7547054277530942 0.1502631717072807 1.0 0.0 0.0 1.0
0.22 1.7961678132980838 0.7878672514877663 0.15037719522822351 1.0 0.0 0.0 1.0
0.23 1.7798892197644154 0.8206779191357196 0.15050153700427304 1.0 0.0 0.0 1.0
0.24000000000000002 1.7630322051901948 0.8531255085350387 0.15063595334093344 1.0 0.0 0.0 1.0
0.25 1.745601666854846 0.8851982971497986 0.15078125407112472 1.0 0.0 0.0 1.0
0.26 1.72760267688812 0.9168847713427373 0.15093810183136686 1.0 0.0 0.0 1.0
0.27 1.7090404858849235 0.9481736316332506 0.15111066023133854 1.0 0.0 0.0 1.0
0.28 1.6899205279371527 0.9790538009486242 0.15129281544653803 1.0 0.0 0.0 1.0
0.29000000000000004 1.6702484239023114 1.00951443169314 0.1514840966523056 1.0 0.0 0.0 1.0
0.3 1.6500299856702156 1.0395449107816441 0.15168398883649398 1.0 0.0 0.0 1.0
0.31 1.629271220525801 1.0691348675956724 0.1518919083630651 1.0 0.0 0.0 1.0
0.32 1.6079783339491112 1.0982741789691084 0.15210725044855766 1.0 0.0 0.0 1.0
0.33 1.5861577340632003 1.1269529740777913 0.15232938432207604 1.0 0.0 0.0 1.0
0.34 1.5638160349128758 1.155161641210715 0.15255764648621814 1.0 0.0 0.0 1.0
0.35000000000000003 1.540960059087533 1.1828908311354052 0.1527912968707636 1.0 0.0 0.0 1.0
0.36000000000000004 1.5175968416393253 1.2101314615184742 0.15302968270927822 1.0 0.0 0.0 1.0
0.37 1.4937336321995804 1.2368747219415044 0.15327295444863112 1.0 0.0 0.0 1.0
0.38 1.4693778974444485 1.263112076023743 0.15351951180158357 1.0 0.0 0.0 1.0
0.39 1.4445373239063177 1.2888352649345882 0.15376876389575725 1.0 0.0 0.0 1.0
0.4 1.419219818984262 1.314036310483946 0.15401975830192552 1.0 0.0 0.0 1.0
0.41000000000000003 1.3934335130802638 1.3387075161579831 0.1542731393875358 1.0 0.0 0.0 1.0
0.42000000000000004 1.3671867608487405 1.3628414692615656 0.15452699702073794 1.0 0.0 0.0 1.0
0.43 1.3404881413129723 1.3864310423036847 0.15478075646882647 1.0 0.0 0.0 1.0
0.44 1.3133464592931798 1.4094693928212114 0.15503412686838103 1.0 0.0 0.0 1.0
0.45 1.285770744886259 1.4319499639435687 0.1552856407061179 1.0 0.0 0.0 1.0
0.46 1.2577702528697638 1.4538664843223523 0.15553641378814412 1.0 0.0 0.0 1.0
0.47000000000000003 1.2293544630052395 1.475212966602912 0.15578372527636164 1.0 0.0 0.0 1.0
0.48000000000000004 1.2005330777521719 1.4959837064267911 0.1560281618958644 1.0 0.0 0.0 1.0
0.49 1.1713160210498137 1.516173281070082 0.15626857522511256 1.0 0.0 0.0 1.0
0.5 1.1417134371507363 1.5357765465649507 0.15650441341328503 1.0 0.0 0.0 1.0
0.51 1.1117356867165762 1.5547886352690257 0.15673482855289977 1.0 0.0 0.0 1.0
0.52 1.0813933450246003 1.5732049533831922 0.15695982351351398 1.0 0.0 0.0 1.0
0.53 1.050697198992936 1.591021176747948 0.15717837417586517 1.0 0.0 0.0 1.0
0.54 1.0196582420412446 1.60823324733273 0.15738990590598295 1.0 0.0 0.0 1.0
0.55 0.9882876716176799 1.6248373697161131 0.15759395856996405 1.0 0.0 0.0 1.0
0.56 0.9565968842183489 1.6408300057001821 0.15778964033145562 1.0 0.0 0.0 1.0
0.5700000000000001 0.9245974694974642 1.6562078701688636 0.15797768813459176 1.0 0.0 0.0 1.0
0.5800000000000001 0.8923012068898447 1.670967926563666 0.15815631936277735 1.0 0.0 0.0 1.0
0.59 0.8597200586545607 1.6851073806386085 0.15832559594842407 1.0 0.0 0.0 1.0
0.6 0.8268661636665284 1.698623676067462 0.15848520010568978 1.0 0.0 0.0 1.0
0.61 0.7937518328832036 1.7115144890106093 0.15863467127136843 1.0 0.0 0.0 1.0
0.62 0.7603895406630642 1.7237777214574013 0.15877341032004233 1.0 0.0 0.0 1.0
0.63 0.7267919185195963 1.7354114968190244 0.15890136258028364 1.0 0.0 0.0 1.0
0.64 0.6929717492612588 1.7464141538338611 0.15901961895581165 1.0 0.0 0.0 1.0
0.65 0.6589419569846008 1.756784239957728 0.1591254798313772 1.0 0.0 0.0 1.0
0.66 0.6247156008719567 1.7665205070366292 0.15921887459437015 1.0 0.0 0.0 1.0
0.67 0.590305868023067 1.7756219049927617 0.1593013722879183 1.0 0.0 0.0 1.0
0.68 0.555726062527493 1.7840875755970635 0.1593759535946866 1.0 0.0 0.0 1.0
0.6900000000000001 0.5209895994420063 1.7919168483546315 0.15943809714205023 1.0 0.0 0.0 1.0
0.7000000000000001 0.48610999573539543 1.7991092342042474 0.159488004689038 1.0 0.0 0.0 1.0
0.7100000000000001 0.4511008600861512 1.805664420451396 0.15952631258219965 1.0 0.0 0.0 1.0
0.72 0.41597588614780356 1.8115822664043726 0.15955389985058419 1.0 0.0 0.0 1.0
0.73 0.38074884158756783 1.816862797791625 0.15957053519699183 1.0 0.0 0.0 1.0
0.74 0.3454335597208246 1.8215062029462128 0.15957656936657186 1.0 0.0 0.0 1.0
0.75 0.3100439310185259 1.8255128283376982 0.15957232793248832 1.0 0.0 0.0 1.0
0.76 0.2745938917614483 1.8288831743072664 0.15955786817031767 1.0 0.0 0.0 1.0
0.77 0.23909741696878545 1.8316178920051605 0.1595336711167591 1.0 0.0 0.0 1.0
0.78 0.20356850937842577 1.8337177794337407 0.15950033862865726 1.0 0.0 0.0 1.0
0.79 0.16802119022321219 1.8351837787309124 0.15945852036267455 1.0 0.0 0.0 1.0
0.8 0.13246949101848846 1.83601697345955 0.15940890889622772 1.0 0.0 0.0 1.0
0.81 0.09692744190280549 1.8362185859178648 0.15935223907951732 1.0 0.0 0.0 1.0
0.8200000000000001 0.061409064326868774 1.8357899754570637 0.15928928133649523 1.0 0.0 0.0 1.0
0.8300000000000001 0.025928360633541443 1.8347326365206416 0.15922083911313667 1.0 0.0 0.0 1.0
0.8400000000000001 -0.009500695764012294 1.8330481972719317 0.15914774520160965 1.0 0.0 0.0 1.0
0.85 -0.04486416794587236 1.830738418679273 0.15907085528128584 1.0 0.0 0.0 1.0
0.86 -0.08014816692494542 1.8278051936285955 0.1589910461006094 1.0 0.0 0.0 1.0
0.87 -0.11533885905396449 1.824250546581853 0.15890920884127108 1.0 0.0 0.0 1.0
0.88 -0.15042247537435577 1.8200766335555436 0.15882624470100573 1.0 0.0 0.0 1.0
0.89 -0.1853853216671491 1.8152857421826039 0.15874306143373973 1.0 0.0 0.0 1.0
0.9 -0.2202137851998351 1.8098802922963495 0.1586605662232033 1.0 0.0 0.0 1.0
0.91 -0.2548943454159491 1.8038628367774694 0.15857966283452468 1.0 0.0 0.0 1.0
0.92 -0.28941358129025585 1.7972360623548944 0.15850124574240657 1.0 0.0 0.0 1.0
0.93 -0.3237581793372324 1.7900027911457643 0.1584261946449388 1.0 0.0 0.0 1.0
0.9400000000000001 -0.3579149434088029 1.782165982018343 0.15835537134850697 1.0 0.0 0.0 1.0
0.9500000000000001 -0.39187080061278895 1.773728732213 0.15828991863824807 1.0 0.0 0.0 1.0
0.9600000000000001 -0.42561281077130436 1.764694279565342 0.15823092415629028 1.0 0.0 0.0 1.0
0.97 -0.4591281735213834 1.7550660041329238 0.15817966738950584 1.0 0.0 0.0 1.0
0.98 -0.4924042349080345 1.744847430754019 0.15813671461118545 1.0 0.0 0.0 1.0
0.99 -0.5254284963657258 1.7340422313346397 0.15810302883269597 1.0 0.0 0.0 1.0
1.0 -0.5581886198751895 1.7226542270205785 0.15807845785905333 1.0 0.0 0.0 1.0
1.01 -0.5906724357960138 1.7106873912322331 0.15806342827545614 1.0 0.0 0.0 1.0
1.02 -0.622867949499507 1.698145851729817 0.15806200995247374 1.0 0.0 0.0 1.0
1.03 -0.6547633464605875 1.6850338935781006 0.1580748369187973 1.0 0.0 0.0 1.0
1.04 -0.6863470000177598 1.671355961869932 0.15809881991850996 1.0 0.0 0.0 1.0
1.05 -0.7176074758049166 1.6571166639389108 0.1581342829363116 1.0 0.0 0.0 1.0
1.06 -0.7485335375027086 1.6423207726003115 0.15818298152408783 1.0 0.0 0.0 1.0
1.07 -0.7791141530533622 1.6269732282839582 0.158246530782353 1.0 0.0 0.0 1.0
1.08 -0.8093384980597712 1.6110791416794008 0.15832217118020508 1.0 0.0 0.0 1.0
1.09 -0.839195961799826 1.5946437965388307 0.15841236261789698 1.0 0.0 0.0 1.0
1.1 -0.8686761513302471 1.5776726513844752 0.15851527540247468 1.0 0.0 0.0 1.0
1.11 -0.8977688947112281 1.5601713423874621 0.15863199683309614 1.0 0.0 0.0 1.0
1.12 -0.9264642463447563 1.5421456852741515 0.1587616129259153 1.0 0.0 0.0 1.0
1.1300000000000001 -0.9547524894589487 1.523601676983951 0.15890365389123 1.0 0.0 0.0 1.0
1.1400000000000001 -0.9826241392146557 1.5045454981462163 0.15905835189046036 1.0 0.0 0.0 1.0
1.1500000000000001 -1.010069946776726 1.484983514133583 0.1592251402441768 1.0 0.0 0.0 1.0
1.1600000000000001 -1.0370809006996085 1.4649222767240444 0.15940286654657945 1.0 0.0 0.0 1.0
1.17 -1.06364822972799 1.4443685257008492 0.15959131551847575 1.0 0.0 0.0 1.0
1.18 -1.0897634053908725 1.423329189224353 0.15978969482045094 1.0 0.0 0.0 1.0
1.19 -1.1154181426350684 1.4018113853452399 0.1599976021985063 1.0 0.0 0.0 1.0
1.2 -1.1406044019780128 1.3798224224365119 0.1602134688829014 1.0 0.0 0.0 1.0
1.21 -1.16531439082239 1.3573697991279037 0.16043776809080634 1.0 0.0 0.0 1.0
1.22 -1.1895405633806277 1.33446120534687 0.16066865648000692 1.0 0.0 0.0 1.0
1.23 -1.213275621999792 1.3111045215418315 0.16090528146185873 1.0 0.0 0.0 1.0
1.24 -1.2365125174032074 1.2873078183245543 0.16114744492125382 1.0 0.0 0.0 1.0
1.25 -1.259244447913239 1.2630793567242942 0.1613940260755499 1.0 0.0 0.0 1.0
1.26 -1.2814648598792062 1.2384275863113408 0.1616438730252815 1.0 0.0 0.0 1.0
1.27 -1.3031674469986907 1.2133611446036316 0.16189618954514254 1.0 0.0 0.0 1.0
1.28 -1.3243461488694919 1.1878888562558627 0.16215025842065578 1.0 0.0 0.0 1.0
1.29 -1.3449951505444357 1.162019730316037 0.162405078250527 1.0 0.0 0.0 1.0
1.3 -1.3651088810498693 1.1357629593580476 0.16265981947703848 1.0 0.0 0.0 1.0
1.31 -1.3846820112816884 1.1091279173971251 0.1629136574302094 1.0 0.0 0.0 1.0
1.32 -1.4037094528399068 1.0821241565893982 0.16316577784004568 1.0 0.0 0.0 1.0
1.33 -1.422186355792565 1.0547614059534816 0.16341537890426464 1.0 0.0 0.0 1.0
1.34 -1.4401081059827228 1.027049567935418 0.16366167618264715 1.0 0.0 0.0 1.0
1.35 -1.4574703233251234 0.9989987148485284 0.16390390696772456 1.0 0.0 0.0 1.0
1.36 -1.474268858851987 0.9706190869898486 0.16414133183755789 1.0 0.0 0.0 1.0
1.37 -1.490499791565398 0.9419210879255552 0.16437323997603118 1.0 0.0 0.0 1.0
1.3800000000000001 -1.5061594263349385 0.91291528088485 0.16459911240665226 1.0 0.0 0.0 1.0
1.3900000000000001 -1.5212442903169292 0.8836123860833444 0.1648181826276719 1.0 0.0 0.0 1.0
1.4000000000000001 -1.5357511295214337 0.8540232749209693 0.16502982575495614 1.0 0.0 0.0 1.0
1.4100000000000001 -1.549676906376846 0.8241589664152771 0.16523347082366147 1.0 0.0 0.0 1.0
1.42 -1.563018795726595 0.7940306236244979 0.1654287948112085 1.0 0.0 0.0 1.0
1.43 -1.5757741812400314 0.7636495469892912 0.16561570510976067 1.0 0.0 0.0 1.0
1.44 -1.587940652715662 0.7330271708388404 0.16579320962439065 1.0 0.0 0.0 1.0
1.45 -1.599516001863431 0.7021750587786568 0.16596090944656436 1.0 0.0 0.0 1.0
1.46 -1.610498218714653 0.6711048965302036 0.1661184567256646 1.0 0.0 0.0 1.0
1.47 -1.6208854887565762 0.6398284884702331 0.16626560405358912 1.0 0.0 0.0 1.0
1.48 -1.6306761886237395 0.6083577517879336 0.166402951822649 1.0 0.0 0.0 1.0
1.49 -1.6398688827606667 0.5767047093385668 0.1665294234414284 1.0 0.0 0.0 1.0
1.5 -1.6484623204008253 0.5448814859731715 0.16664487091076546 1.0 0.0 0.0 1.0
1.51 -1.6564554313746598 0.5129003014829053 0.16674920036849739 1.0 0.0 0.0 1.0
1.52 -1.663847323166869 0.48077346382974506 0.16684250147043134 1.0 0.0 0.0 1.0
1.53 -1.6706372778084133 0.44851336500876615 0.16692548991316208 1.0 0.0 0.0 1.0
1.54 -1.6768247480228184 0.41613247295443545 0.16699738663203562 1.0 0.0 0.0 1.0
1.55 -1.6824093547348835 0.3836433254139443 0.16705830747863198 1.0 0.0 0.0 1.0
1.56 -1.687390883935018 0.35105852479729466 0.16710841994375977 1.0 0.0 0.0 1.0
1.57 -1.6917692835190772 0.31839072973286126 0.16714802046602553 1.0 0.0 0.0 1.0
1.58 -1.6955446610474696 0.2856526496259958 0.16717790035301747 1.0 0.0 0.0 1.0
1.59 -1.6987172808830262 0.2528570378946756 0.1671977464359128 1.0 0.0 0.0 1.0
1.6 -1.701287561796591 0.22001668396210297 0.16720792471303447 1.0 0.0 0.0 1.0
1.61 -1.7032560749763925 0.18714440815457056 0.16720884676086056 1.0 0.0 0.0 1.0
1.62 -1.7046235416194364 0.1542530530015187 0.16720097033810188 1.0 0.0 0.0 1.0
1.6300000000000001 -1.70539083134533 0.12135547705390617 0.16718479595982275 1.0 0.0 0.0 1.0
1.6400000000000001 -1.7055589604249755 0.08846454822652802 0.16716086413575335 1.0 0.0 0.0 1.0
1.6500000000000001 -1.7051290901469485 0.05559313506335538 0.16712975492619142 1.0 0.0 0.0 1.0
1.6600000000000001 -1.7041025257604385 0.022754101487691657 0.16709208264711772 1.0 0.0 0.0 1.0
1.6700000000000002 -1.7024807151688786 -0.010039702001829494 0.1670484950450096 1.0 0.0 0.0 1.0
1.68 -1.700265248093363 -0.042775445150834895 0.16699966957875104 1.0 0.0 0.0 1.0
1.69 -1.6974578554619697 -0.07544032443050995 0.16694630911358987 1.0 0.0 0.0 1.0
1.7 -1.6940604087374462 -0.10802157222279136 0.1668891407616841 1.0 0.0 0.0 1.0
1.71 -1.690074919745576 -0.14050646225741298 0.16682890995389063 1.0 0.0 0.0 1.0
1.72 -1.6855035405795302 -0.17288231825189804 0.16676637810924932 1.0 0.0 0.0 1.0
1.73 -1.6803485635437003 -0.20513652127523527 0.16670231883646525 1.0 0.0 0.0 1.0
1.74 -1.6746124216361389 -0.23725651599258377 0.16663751248958883 1.0 0.0 0.0 1.0
1.75 -1.668297688894472 -0.2692298199724545 0.1665727442070469 1.0 0.0 0.0 1.0
1.76 -1.6614070809938601 -0.30104402932784174 0.16650879792160986 1.0 0.0 0.0 1.0
1.77 -1.6539434562874862 -0.33268682690178636 0.16644645271537065 1.0 0.0 0.0 1.0
1.78 -1.6459098164938408 -0.3641459900444067 0.16638647923996686 1.0 0.0 0.0 1.0
1.79 -1.6373093080645134 -0.39540939645933454 0.16632963370045536 1.0 0.0 0.0 1.0
1.8 -1.628145223462333 -0.4264650333311362 0.16627665532575703 1.0 0.0 0.0 1.0
1.81 -1.6184210023476857 -0.4573010030778299 0.16622902952013052 1.0 0.0 0.0 1.0
1.82 -1.608140233517443 -0.4879055307821691 0.1661868166662554 1.0 0.0 0.0 1.0
1.83 -1.5973066562098668 -0.518266972154154 0.16615059649740324 1.0 0.0 0.0 1.0
1.84 -1.5859241620304594 -0.5483738187659198 0.1661209898780533 1.0 0.0 0.0 1.0
1.85 -1.573996796964973 -0.5782147066366801 0.16609945896430797 1.0 0.0 0.0 1.0
1.86 -1.5615287628706245 -0.6077784219965074 0.16608610695862058 1.0 0.0 0.0 1.0
1.87 -1.548524419968077 -0.6370539074649215 0.1660810321231443 1.0 0.0 0.0 1.0
1.8800000000000001 -1.5349882885702726 -0.6660302700315438 0.16608467262514595 1.0 0.0 0.0 1.0
1.8900000000000001 -1.5209250510870929 -0.694696785488307 0.1660986794607971 1.0 0.0 0.0 1.0
1.9000000000000001 -1.5063395545219227 -0.7230429057305023 0.16612228917344357 1.0 0.0 0.0 1.0
1.9100000000000001 -1.491236811929957 -0.7510582646578927 0.16615562204607168 1.0 0.0 0.0 1.0
1.9200000000000002 -1.4756220049793256 -0.7787326827107536 0.1661995087514391 1.0 0.0 0.0 1.0
1.93 -1.4595004858710792 -0.8060561740492634 0.1662543133008662 1.0 0.0 0.0 1.0
1.94 -1.442877778915286 -0.8330189506563102 0.16631933301859197 1.0 0.0 0.0 1.0
1.95 -1.4257595830796512 -0.8596114272274276 0.1663949521065773 1.0 0.0 0.0 1.0
1.96 -1.4081517732607238 -0.8858242272188317 0.16648105417150733 1.0 0.0 0.0 1.0
1.97 -1.3900604021222354 -0.9116481857877046 0.1665776606561119 1.0 0.0 0.0 1.0
1.98 -1.3714917020513602 -0.9370743548695702 0.1666842627319981 1.0 0.0 0.0 1.0
1.99 -1.3524520859147577 -0.9620940073956834 0.16680089730454017 1.0 0.0 0.0 1.0
2.0 -1.3329481490239794 -0.9866986397478948 0.16692671990165991 1.0 0.0 0.0 1.0
2.01 -1.3129866700659274 -1.0108799762964653 0.16706215627107945 1.0 0.0 0.0 1.0
2.02 -1.2925746116339496 -1.0346299720064793 0.16720601648759884 1.0 0.0 0.0 1.0
2.03 -1.2717191218367974 -1.0579408144168239 0.16735772426427054 1.0 0.0 0.0 1.0
2.04 -1.2504275341398796 -1.080804927186671 0.16751673460604 1.0 0.0 0.0 1.0
2.05 -1.2287073678058251 -1.1032149713817208 0.16768328797222176 1.0 0.0 0.0 1.0
2.0599999999999996 -1.2065663286171886 -1.1251638468864948 0.16785619127918222 1.0 0.0 0.0 1.0
2.07 -1.1840123078047629 -1.1466446946733377 0.16803440396959862 1.0 0.0 0.0 1.0
2.0799999999999996 -1.1610533823226663 -1.1676508970282373 0.1682172069658017 1.0 0.0 0.0 1.0
2.09 -1.1376978142783885 -1.188176078241914 0.16840384909949158 1.0 0.0 0.0 1.0
2.0999999999999996 -1.1139540492343716 -1.208214105583223 0.16859355301329532 1.0 0.0 0.0 1.0
2.11 -1.0898307160686622 -1.2277590885921412 0.1687855182804512 1.0 0.0 0.0 1.0
2.1199999999999997 -1.065336624904577 -1.2468053789149816 0.1689789272691054 1.0 0.0 0.0 1.0
2.13 -1.0404807650761005 -1.2653475701621009 0.1691729506014078 1.0 0.0 0.0 1.0
2.1399999999999997 -1.0152723042115583 -1.2833804962784845 0.169366750487101 1.0 0.0 0.0 1.0
2.15 -0.9897205847094397 -1.3008992305319493 0.16955948763063253 1.0 0.0 0.0 1.0
2.1599999999999997 -0.9638351215246228 -1.3178990844054674 0.16975032567304552 1.0 0.0 0.0 1.0
2.17 -0.9376256001422428 -1.3343756051360876 0.1699384349004413 1.0 0.0 0.0 1.0
2.1799999999999997 -0.9111018718252717 -1.350324573923278 0.17012299952529697 1.0 0.0 0.0 1.0
2.19 -0.8842739512890871 -1.365742003997466 0.17030322073307444 1.0 0.0 0.0 1.0
2.1999999999999997 -0.8571520131750554 -1.3806241374330388 0.1704783210904538 1.0 0.0 0.0 1.0
2.21 -0.8297463866005842 -1.394967442780515 0.17064755114621072 1.0 0.0 0.0 1.0
2.2199999999999998 -0.8020675525381942 -1.4087686123967418 0.17081019118221571 1.0 0.0 0.0 1.0
2.23 -0.77412613856631 -1.4220245586627362 0.17096555647931316 1.0 0.0 0.0 1.0
2.2399999999999998 -0.7459329133294994 -1.4347324113401243 0.17111300213844038 1.0 0.0 0.0 1.0
2.25 -0.7174987832295687 -1.44688951417718 0.17125192407832993 1.0 0.0 0.0 1.0
2.26 -0.6888347855973451 -1.4584934208060227 0.17138176481992845 1.0 0.0 0.0 1.0
2.27 -0.6599520834251804 -1.4695418919946046 0.17150201591728495 1.0 0.0 0.0 1.0
2.28 -0.6308619610186138 -1.4800328916531327 0.1716122187677097 1.0 0.0 0.0 1.0
2.29 -0.6015758159962104 -1.4899645827259815 0.17171197023019916 1.0 0.0 0.0 1.0
2.3 -0.5721051543319458 -1.4993353243460061 0.17180092270465006 1.0 0.0 0.0 1.0
2.31 -0.542461584847505 -1.508143667582127 0.17187878496794123 1.0 0.0 0.0 1.0
2.32 -0.5126568104699549 -1.516388351500479 0.17194532701849652 1.0 0.0 0.0 1.0
2.3299999999999996 -0.4827026235831734 -1.5240683002943851 0.17200037798861317 1.0 0.0 0.0 1.0
2.34 -0.4526108990932462 -1.531182619013166 0.1720438274803088 1.0 0.0 0.0 1.0
2.3499999999999996 -0.4223935857294455 -1.5377305900576954 0.17207595086053595 1.0 0.0 0.0 1.0
2.36 -0.39206270137679305 -1.5437116702957159 0.17209683980677754 1.0 0.0 0.0 1.0
2.3699999999999997 -0.36163032467847606 -1.5491254870152278 0.17210615104579804 1.0 0.0 0.0 1.0
2.38 -0.3311085871598691 -1.5539718350616714 0.17210401514799897 1.0 0.0 0.0 1.0
2.3899999999999997 -0.3005096678034495 -1.5582506738924102 0.17209062138682235 1.0 0.0 0.0 1.0
2.4 -0.2698457837944886 -1.561962124167464 0.17206621948858736 1.0 0.0 0.0 1.0
2.4099999999999997 -0.2391291839725549 -1.5651064654170603 0.17203111670333798 1.0 0.0 0.0 1.0
2.42 -0.208372141712343 -1.5676841332076057 0.17198567574722867 1.0 0.0 0.0 1.0
2.4299999999999997 -0.1775869459823239 -1.5696957166169783 0.17193031475844608 1.0 0.0 0.0 1.0
2.44 -0.14678589567373349 -1.5711419562563875 0.17186550234372786 1.0 0.0 0.0 1.0
2.4499999999999997 -0.11598129039886487 -1.5720237418498515 0.17179175746971365 1.0 0.0 0.0 1.0
2.46 -0.08518542374423281 -1.5723421106201452 0.17170964541667966 1.0 0.0 0.0 1.0
2.4699999999999998 -0.05441057615019447 -1.5720982455336234 0.17161977428415265 1.0 0.0 0.0 1.0
2.48 -0.02366900595529923 -1.5712934736935609 0.17152285702282752 1.0 0.0 0.0 1.0
2.4899999999999998 0.007027056200803108 -1.5699292652781311 0.1714194851047752 1.0 0.0 0.0 1.0
2.5 0.03766541641510004 -1.5680072322525018 0.17131035871189532 1.0 0.0 0.0 1.0
2.51 0.06823392414076081 -1.5655291275666272 0.17119622440275467 1.0 0.0 0.0 1.0
2.52 0.09872047903317674 -1.562496844516494 0.17107795823437938 1.0 0.0 0.0 1.0
2.53 0.12911303961991985 -1.558912416075465 0.1709563163022266 1.0 0.0 0.0 1.0
2.54 0.15939962861166407 -1.5547780147238477 0.17083209518816472 1.0 0.0 0.0 1.0
2.55 0.18956834147117824 -1.5500959522373867 0.17070611847409256 1.0 0.0 0.0 1.0
2.56 0.21960735268852236 -1.544868679627946 0.17057921763916117 1.0 0.0 0.0 1.0
2.57 0.24950492211360517 -1.5390987875001778 0.17045222681918915 1.0 0.0 0.0 1.0
2.5799999999999996 0.27924940307949353 -1.5327890061822984 0.1703259799983579 1.0 0.0 0.0 1.0
2.59 0.30882924723553296 -1.525942206298392 0.17020130442477463 1.0 0.0 0.0 1.0
2.5999999999999996 0.3382330123966192 -1.5185613994197407 0.17007901751723237 1.0 0.0 0.0 1.0
2.61 0.36744936831840225 -1.510649738559962 0.1699599220082358 1.0 0.0 0.0 1.0
2.6199999999999997 0.3964671022022308 -1.5022105192872277 0.1698453894049261 1.0 0.0 0.0 1.0
2.63 0.4252751262116008 -1.493247180407476 0.16973617375748704 1.0 0.0 0.0 1.0
2.6399999999999997 0.45386248159856296 -1.4837633049994592 0.1696325004919841 1.0 0.0 0.0 1.0
2.65 0.482218345480294 -1.473762621670955 0.16953506541250277 1.0 0.0 0.0 1.0
2.6599999999999997 0.5103320362597593 -1.4632490052971403 0.1694445285892257 1.0 0.0 0.0 1.0
2.67 0.5381930178752079 -1.45222647856877 0.169361509285397 1.0 0.0 0.0 1.0
2.6799999999999997 0.5657909065470668 -1.440699212985603 0.16928658420526893 1.0 0.0 0.0 1.0
2.69 0.59311547438977 -1.4286715299249044 0.16922028330098815 1.0 0.0 0.0 1.0
2.6999999999999997 0.6201566543778485 -1.4161479022413852 0.1691651190250419 1.0 0.0 0.0 1.0
2.71 0.6469045457771668 -1.4031329549850606 0.1691201274560103 1.0 0.0 0.0 1.0
2.7199999999999998 0.6733494169715768 -1.3896314668699299 0.16908510094285129 1.0 0.0 0.0 1.0
2.73 0.6994817108053091 -1.3756483714587384 0.169060347259102 1.0 0.0 0.0 1.0
2.7399999999999998 0.7252920482336278 -1.3611887578077109 0.16904611654356658 1.0 0.0 0.0 1.0
2.75 0.7507712311069821 -1.3462578720824663 0.16904259869269017 1.0 0.0 0.0 1.0
2.76 0.7759102470964218 -1.3308611181047103 0.16905088426357603 1.0 0.0 0.0 1.0
2.77 0.8007002719437843 -1.3150040581570588 0.1690708984085217 1.0 0.0 0.0 1.0
2.78 0.8251326723599874 -1.298692414249147 0.16910183081930164 1.0 0.0 0.0 1.0
2.79 0.8491990099268504 -1.2819320681440107 0.16914388063859115 1.0 0.0 0.0 1.0
2.8 0.8728910424441954 -1.264729062311585 0.16919674189819475 1.0 0.0 0.0 1.0
2.81 0.8962007268298944 -1.2470896004629137 0.16926016520819745 1.0 0.0 0.0 1.0
2.82 0.9191202217220615 -1.2290200472675683 0.1693339162792487 1.0 0.0 0.0 1.0
2.8299999999999996 0.9416418883208825 -1.2105269292592902 0.16941927499135337 1.0 0.0 0.0 1.0
2.84 0.9637582929558866 -1.1916169344427692 0.16951521387334634 1.0 0.0 0.0 1.0
2.8499999999999996 0.985462208532057 -1.1722969119163664 0.1696203829474956 1.0 0.0 0.0 1.0
2.86 1.0067466149822004 -1.1525738723958436 0.16973433114251155 1.0 0.0 0.0 1.0
2.8699999999999997 1.027604701272664 -1.1324549869246527 0.16985656297769272 1.0 0.0 0.0 1.0
2.88 1.0480298658725329 -1.1119475865171622 0.1699867788968522 1.0 0.0 0.0 1.0
2.8899999999999997 1.068015716897677 -1.091059161926962 0.1701243454703757 1.0 0.0 0.0 1.0
2.9 1.087556073385471 -1.0697973616849787 0.17026845030356097 1.0 0.0 0.0 1.0
2.9099999999999997 1.1066449649700474 -1.0481699917342733 0.17041845022982283 1.0 0.0 0.0 1.0
2.92 1.12527663174604 -1.0261850141194215 0.17057367441095056 1.0 0.0 0.0 1.0
2.9299999999999997 1.1434455247670456 -1.003850544707492 0.17073342959729557 1.0 0.0 0.0 1.0
2.94 1.161146305077176 -0.9811748525977355 0.170897002417275 1.0 0.0 0.0 1.0
2.9499999999999997 1.1783738432690278 -0.958166357616598 0.1710640728572065 1.0 0.0 0.0 1.0
2.96 1.195123219284552 -0.9348336280225982 0.17123433653336234 1.0 0.0 0.0 1.0
2.9699999999999998 1.2113897209026183 -0.9111853793829199 0.1714060808815833 1.0 0.0 0.0 1.0
2.98 1.2271688429957084 -0.8872304709887322 0.1715785569406595 1.0 0.0 0.0 1.0
2.9899999999999998 1.2424562866981068 -0.8629779036784432 0.17175101763577472 1.0 0.0 0.0 1.0
3.0 1.2572479575102344 -0.8384368179087386 0.17192272049462387 1.0 0.0 0.0 1.0
3.01 1.2715399642346785 -0.8136164893414254 0.17209293375956475 1.0 0.0 0.0 1.0
3.02 1.2853286176073917 -0.788526326833585 0.17226093849226393 1.0 0.0 0.0 1.0
3.03 1.298610428139873 -0.7631758693398019 0.1724260320034133 1.0 0.0 0.0 1.0
3.04 1.311382104797334 -0.7375747812032736 0.17258753323236883 1.0 0.0 0.0 1.0
3.05 1.3236405531646416 -0.7117328500865038 0.17274478379723024 1.0 0.0 0.0 1.0
3.06 1.3353828731238233 -0.6856599825374908 0.17289715227174995 1.0 0.0 0.0 1.0
3.07 1.3466063573904248 -0.6593661994953661 0.17304403797213533 1.0 0.0 0.0 1.0
3.08 1.3573084892614207 -0.6328616337724726 0.17318487152076745 1.0 0.0 0.0 1.0
3.09 1.367486940272297 -0.6061565244428323 0.17331911963815977 1.0 0.0 0.0 1.0
3.0999999999999996 1.3771395686283965 -0.579261212794082 0.17344628697128972 1.0 0.0 0.0 1.0
3.11 1.3862644166738125 -0.552186139036609 0.17356591665905685 1.0 0.0 0.0 1.0
3.1199999999999997 1.394859708643468 -0.5249418358627604 0.1736775950560312 1.0 0.0 0.0 1.0
3.13 1.4029238489688522 -0.4975389248186615 0.1737809517069621 1.0 0.0 0.0 1.0
3.1399999999999997 1.4104554197052777 -0.46998811204315716 0.17387566018154665 1.0 0.0 0.0 1.0
3.15 1.4174531784053996 -0.4423001814125513 0.17396144211932293 1.0 0.0 0.0 1.0
3.1599999999999997 1.4239160563685826 -0.41448599125179286 0.17403806555768725 1.0 0.0 0.0 1.0
3.17 1.429843156124104 -0.38655646875391186 0.17410534654970666 1.0 0.0 0.0 1.0
3.1799999999999997 1.4352337495711025 -0.3585226034551514 0.17416315145352212 1.0 0.0 0.0 1.0
3.19 1.4400872761682633 -0.33039544381503805 0.17421139443212352 1.0 0.0 0.0 1.0
3.1999999999999997 1.4444033406205399 -0.3021860903852008 0.17425003972425018 1.0 0.0 0.0 1.0
3.21 1.448181711339107 -0.27390569011407073 0.17427910155562937 1.0 0.0 0.0 1.0
3.2199999999999998 1.451422318591115 -0.24556543205838466 0.17429864197640038 1.0 0.0 0.0 1.0
3.23 1.4541252526156545 -0.21717654001039113 0.17430877270393197 1.0 0.0 0.0 1.0
3.2399999999999998 1.4562907622683727 -0.1887502677572389 0.17431007364766393 1.0 0.0 0.0 1.0
3.25 1.4579192533272105 -0.1602978931123741 0.1743024662194493 1.0 0.0 0.0 1.0
3.26 1.4590112870840855 -0.13183071112835765 0.174286030344344 1.0 0.0 0.0 1.0
3.27 1.4595675791488347 -0.10336002956692776 0.17426105481547688 1.0 0.0 0.0 1.0
3.28 1.4595889980381278 -0.07489716127409374 0.17422787231159167 1.0 0.0 0.0 1.0
3.29 1.4590765642515882 -0.04645341918373944 0.17418685599665884 1.0 0.0 0.0 1.0
3.3 1.4580314492169397 -0.01804011001677882 0.1741384177699023 1.0 0.0 0.0 1.0
3.31 1.456454974346555 0.010331472701979134 0.1740830071210626 1.0 0.0 0.0 1.0
3.32 1.4543486104394163 0.03865005338129476 0.17402110672850518 1.0 0.0 0.0 1.0
3.33 1.451713976875011 0.06690438220304647 0.17395323201124302 1.0 0.0 0.0 1.0
3.34 1.4485528411785926 0.09508324021081237 0.17387992682230588 1.0 0.0 0.0 1.0
3.3499999999999996 1.4448671186576554 0.12317544579373486 0.1738017607495907 1.0 0.0 0.0 1.0
3.36 1.4406588719515352 0.1511698617074431 0.17371932704190335 1.0 0.0 0.0 1.0
3.3699999999999997 1.4359303110504225 0.17905539989636665 0.17363323746178674 1.0 0.0 0.0 1.0
3.38 1.430683793086464 0.20682102935876512 0.1735441209118209 1.0 0.0 0.0 1.0
3.3899999999999997 1.4249218223758937 0.23445578119796748 0.17345261852820051 1.0 0.0 0.0 1.0
3.4 1.4186470507060278 0.2619487551122937 0.17335938024906383 1.0 0.0 0.0 1.0
3.4099999999999997 1.4118622773235485 0.2892891262799423 0.1732650621193656 1.0 0.0 0.0 1.0
3.42 1.4045704495108922 0.3164661500997906 0.17317032072446986 1.0 0.0 0.0 1.0
3.4299999999999997 1.3967746628723927 0.34346916989173787 0.17307581122725785 1.0 0.0 0.0 1.0
3.44 1.3884781617605988 0.3702876217658008 0.1729826408456182 1.0 0.0 0.0 1.0
3.4499999999999997 1.3796843400984555 0.396911040811629 0.17289142277208688 1.0 0.0 0.0 1.0
3.46 1.3703967416618312 0.42332906782479474 0.17280243015828758 1.0 0.0 0.0 1.0
3.4699999999999998 1.3606190610586428 0.4495314536292507 0.17271626680691338 1.0 0.0 0.0 1.0
3.48 1.3503551443794566 0.47550806637021803 0.17263351526018836 1.0 0.0 0.0 1.0
3.4899999999999998 1.3396089897740975 0.5012488962482223 0.17255473250498848 1.0 0.0 0.0 1.0
3.5 1.3283847486580345 0.5267440607830456 0.17248044576423266 1.0 0.0 0.0 1.0
3.51 1.3166867261064037 0.5519838114981127 0.17241115076665864 1.0 0.0 0.0 1.0
3.52 1.304519381921706 0.5769585375655968 0.17234730680633403 1.0 0.0 0.0 1.0
3.53 1.2918873315489632 0.6016587721465161 0.17228933467439952 1.0 0.0 0.0 1.0
3.54 1.2787953464735493 0.62607519719007 0.1722376141911761 1.0 0.0 0.0 1.0
3.55 1.2652483555746863 0.6501986473396119 0.1721926085988244 1.0 0.0 0.0 1.0
3.56 1.2512514454720518 0.6740201161565901 0.17215450567619722 1.0 0.0 0.0 1.0
3.57 1.2368098612460767 0.6975307593837179 0.17212368074137524 1.0 0.0 0.0 1.0
3.58 1.2219290074986846 0.7207218994605545 0.17210035410970836 1.0 0.0 0.0 1.0
3.59 1.2066144483145305 0.7435850305522073 0.17208451829910393 1.0 0.0 0.0 1.0
3.5999999999999996 1.19087190827654 0.7661118210912709 0.17207624959315637 1.0 0.0 0.0 1.0
3.61 1.1747072727749357 0.788294118582937 0.17207554878683048 1.0 0.0 0.0 1.0
3.6199999999999997 1.1581265879048455 0.8101239529910959 0.17208239462342056 1.0 0.0 0.0 1.0
3.63 1.141136061416522 0.8315935391808206 0.17209671162158288 1.0 0.0 0.0 1.0
3.6399999999999997 1.1237420621430179 0.8526952812813131 0.17211837214645193 1.0 0.0 0.0 1.0
3.65 1.1059511200804621 0.8734217747346319 0.17214719654550112 1.0 0.0 0.0 1.0
3.6599999999999997 1.0877699266889387 0.8937658087438559 0.1721829535414262 1.0 0.0 0.0 1.0
3.67 1.0692053337073633 0.9137203696372702 0.1722253633981376 1.0 0.0 0.0 1.0
3.6799999999999997 1.0502643533506588 0.9332786419886754 0.17227409827176288 1.0 0.0 0.0 1.0
3.69 1.0309541574912366 0.9524340109909585 0.17232878482328887 1.0 0.0 0.0 1.0
3.6999999999999997 1.0112820762925734 0.9711800645015527 0.17238900759007064 1.0 0.0 0.0 1.0
3.71 0.9912555981327249 0.9895105936355137 0.17245431006473666 1.0 0.0 0.0 1.0
3.7199999999999998 0.9708823675672971 1.0074195947226667 0.1725241992309092 1.0 0.0 0.0 1.0
3.73 0.9501701840722523 1.0249012701632576 0.17259814858588074 1.0 0.0 0.0 1.0
3.7399999999999998 0.929127001159241 1.0419500286386334 0.17267560045707225 1.0 0.0 0.0 1.0
3.75 0.9077609234008904 1.0585604863961553 0.1727559716615801 1.0 0.0 0.0 1.0
3.76 0.8860802053327312 1.07472746711715 0.1728386559182737 1.0 0.0 0.0 1.0
3.77 0.8640932491633312 1.0904460018413795 0.17292302795840336 1.0 0.0 0.0 1.0
3.78 0.8418086015519893 1.1057113294135263 0.17300844894511241 1.0 0.0 0.0 1.0
3.79 0.8192349522258832 1.1205188956050511 0.17309426870899175 1.0 0.0 0.0 1.0
3.8 0.7963811301685774 1.134864352721446 0.1731798314763451 1.0 0.0 0.0 1.0
3.81 0.773256100641905 1.1487435592575324 0.17326448004692774 1.0 0.0 0.0 1.0
3.82 0.7498689629258275 1.1621525784474063 0.17334767868818807 1.0 0.0 0.0 1.0
3.83 0.7262289453634323 1.1750876775412233 0.17342927914872544 1.0 0.0 0.0 1.0
3.84 0.7023454027114637 1.1875453267365934 0.17350784957204005 1.0 0.0 0.0 1.0
3.8499999999999996 0.6782278124690652 1.199522197377435 0.17358277156792154 1.0 0.0 0.0 1.0
3.86 0.6538857695275875 1.211015160883884 0.17365344768006752 1.0 0.0 0.0 1.0
3.8699999999999997 0.629328983529448 1.2220212870809286 0.17371930267663455 1.0 0.0 0.0 1.0
3.88 0.6045672734698007 1.2325378421761641 0.17377978857618204 1.0 0.0 0.0 1.0
3.8899999999999997 0.5796105628369087 1.2425622874537652 0.17383438828761535 1.0 0.0 0.0 1.0
3.9 0.5544688762118671 1.2520922770719631 0.17388261671697508 1.0 0.0 0.0 1.0
3.9099999999999997 0.5291523326064451 1.2611256560193551 0.17392402625078585 1.0 0.0 0.0 1.0
3.92 0.5036711412502679 1.2696604585415603 0.17395820797792613 1.0 0.0 0.0 1.0
3.9299999999999997 0.47803559697789444 1.2776949056788534 0.17398489521307867 1.0 0.0 0.0 1.0
3.94 0.45225607300314985 1.285227403268337 0.17400428755966482 1.0 0.0 0.0 1.0
3.9499999999999997 0.42634301720116835 1.292256540140261 0.17401554874941927 1.0 0.0 0.0 1.0
3.96 0.400306945785558 1.2987810855781405 0.17401843302206813 1.0 0.0 0.0 1.0
3.9699999999999998 0.37415843669144944 1.304799987521558 0.17401274362056168 1.0 0.0 0.0 1.0
3.98 0.34790812552139755 1.3103123705129018 0.17399833119301872 1.0 0.0 0.0 1.0
3.9899999999999998 0.3215666978402045 1.3153175333167793 0.1739750972210128 1.0 0.0 0.0 1.0
4.0 0.2951448836511318 1.3198149473229601 0.17394299354041085 1.0 0.0 0.0 1.0
4.01 0.2686534523471257 1.3238042543781814 0.17390202106001584 1.0 0.0 0.0 1.0
4.02 0.24210320442531597 1.327285264725635 0.17385223269444278 1.0 0.0 0.0 1.0
4.03 0.21550496686959245 1.330257955521281 0.17379373043818092 1.0 0.0 0.0 1.0
4.04 0.1888695867646121 1.3327224687845882 0.17372666494213282 1.0 0.0 0.0 1.0
4.05 0.16220792346250462 1.334679109706108 0.17365123661036144 1.0 0.0 0.0 1.0
4.06 0.13553084418049421 1.3361283452517625 0.17356769148692194 1.0 0.0 0.0 1.0
4.07 0.10884921621204964 1.337070802367485 0.17347632183544462 1.0 0.0 0.0 1.0
4.08 0.08217390090906272 1.3375072667231287 0.17337746372316146 1.0 0.0 0.0 1.0
4.09 0.055515747855804744 1.3374386813468733 0.173271494250805 1.0 0.0 0.0 1.0
4.1 0.028885587209915447 1.336866145275654 0.173158831066815 1.0 0.0 0.0 1.0
4.109999999999999 0.002294224877548276 1.335790912594917 0.17303992770971943 1.0 0.0 0.0 1.0
4.12 -0.024247565215327952 1.3342143912080295 0.17291527288336622 1.0 0.0 0.0 1.0
4.13 -0.050729046595059064 1.3321381420104552 0.17278538639321156 1.0 0.0 0.0 1.0
4.14 -0.07713952648863 1.3295638780404808 0.17265081608643876 1.0 0.0 0.0 1.0
4.1499999999999995 -0.10346836282252056 1.3264934636134806 0.17251213572138352 1.0 0.0 0.0 1.0
4.16 -0.12970496902931497 1.3229289138453904 0.17236993978087778 1.0 0.0 0.0 1.0
4.17 -0.15583882157605847 1.3188723939036746 0.17222484194219334 1.0 0.0 0.0 1.0
4.18 -0.1818594647502856 1.3143262186344788 0.1720774699006676 1.0 0.0 0.0 1.0
4.1899999999999995 -0.20775651706996837 1.3092928521763587 0.17192846229695222 1.0 0.0 0.0 1.0
4.2 -0.23351967738083224 1.3037749074893221 0.17177846542914305 1.0 0.0 0.0 1.0
4.21 -0.2591387294837752 1.2977751463360165 0.17162812798540525 1.0 0.0 0.0 1.0
4.22 -0.2846035491812098 1.2912964788561239 0.17147809912355563 1.0 0.0 0.0 1.0
4.2299999999999995 -0.309904108369837 1.2843419635693498 0.1713290229405729 1.0 0.0 0.0 1.0
4.24 -0.3350304811139826 1.2769148073305154 0.17118260928057155 1.0 0.0 0.0 1.0
4.25 -0.3599728490024066 1.269018365074515 0.1710396181253404 1.0 0.0 0.0 1.0
4.26 -0.3847215051973039 1.2606561401422476 0.17089961411950633 1.0 0.0 0.0 1.0
4.27 -0.4092668608300101 1.2518317840015316 0.1707631811440663 1.0 0.0 0.0 1.0
4.28 -0.43359944849477683 1.2425490964229153 0.17063087887995015 1.0 0.0 0.0 1.0
4.29 -0.4577099273878968 1.2328120256534523 0.17050323990798397 1.0 0.0 0.0 1.0
4.3 -0.48158908822376373 1.222624668132925 0.17038076737841168 1.0 0.0 0.0 1.0
4.31 -0.5052278563439245 1.2119912689790708 0.17026393042994908 1.0 0.0 0.0 1.0
4.32 -0.5286172972415213 1.2009162217066218 0.1701531631254386 1.0 0.0 0.0 1.0
4.33 -0.5517486196776404 1.1894040682655285 0.17004886111671433 1.0 0.0 0.0 1.0
4.34 -0.574613179341961 1.177459499343423 0.16995137890306555 1.0 0.0 0.0 1.0
4.35 -0.5972024835071693 1.165087353795616 0.16986102934027497 1.0 0.0 0.0 1.0
4.36 -0.6195081931551367 1.1522926190123592 0.16977808022445154 1.0 0.0 0.0 1.0
4.37 -0.6415221271792025 1.1390804305925142 0.1697027538527064 1.0 0.0 0.0 1.0
4.38 -0.6632362654228743 1.1254560718725093 0.16963522614705998 1.0 0.0 0.0 1.0
4.39 -0.6846427507406134 1.111424974238933 0.16957562442157234 1.0 0.0 0.0 1.0
4.3999999999999995 -0.7057338929631157 1.0969927161381263 0.16952402859950744 1.0 0.0 0.0 1.0
4.41 -0.7265021705874297 1.0821650229231048 0.1694804699927714 1.0 0.0 0.0 1.0
4.42 -0.7469402331193955 1.066947766554471 0.16944493110476505 1.0 0.0 0.0 1.0
4.43 -0.7670409040628796 1.0513469643278905 0.16941734743474557 1.0 0.0 0.0 1.0
4.4399999999999995 -0.7867971818622783 1.0353687788667005 0.16939760654261599 1.0 0.0 0.0 1.0
4.45 -0.80620224239538 1.0190195168877132 0.16938555004084882 1.0 0.0 0.0 1.0
4.46 -0.8252494406976074 1.0023056280743792 0.16938097518016595 1.0 0.0 0.0 1.0
4.47 -0.8439323116632095 0.9852337047483615 0.16938363499828946 1.0 0.0 0.0 1.0
4.4799999999999995 -0.8622445722595877 0.9678104798139779 0.16939324188741267 1.0 0.0 0.0 1.0
4.49 -0.8801801221500746 0.9500428259587576 0.16940946870961782 1.0 0.0 0.0 1.0
4.5 -0.8977330444310542 0.9319377544305079 0.16943195074092876 1.0 0.0 0.0 1.0
4.51 -0.9148976071292421 0.913502412694163 0.16946028964098034 1.0 0.0 0.0 1.0
4.52 -0.9316682630871852 0.894744083711913 0.1694940544654512 1.0 0.0 0.0 1.0
4.53 -0.9480396507405213 0.8756701835290382 0.16953278555500695 1.0 0.0 0.0 1.0
4.54 -0.9640065947075925 0.8562882592064414 0.1695759978266296 1.0 0.0 0.0 1.0
4.55 -0.9795641052972803 0.8366059876010706 0.1696231824508334 1.0 0.0 0.0 1.0
4.56 -0.9947073791272283 0.8166311720260631 0.16967381194995776 1.0 0.0 0.0 1.0
4.57 -1.0094317988601067 0.7963717406148881 0.16972734242284104 1.0 0.0 0.0 1.0
4.58 -1.0237329326212217 0.7758357440106096 0.16978321660457507 1.0 0.0 0.0 1.0
4.59 -1.0376065342027265 0.7550313517943814 0.16984086883190577 1.0 0.0 0.0 1.0
4.6 -1.0510485421586062 0.7339668509517693 0.1698997265782966 1.0 0.0 0.0 1.0
4.61 -1.0640550792305532 0.712650642188446 0.16995921509533146 1.0 0.0 0.0 1.0
4.62 -1.0766224520308612 0.6910912368476239 0.17001876095698895 1.0 0.0 0.0 1.0
4.63 -1.0887471497334091 0.6692972547622181 0.17007779386714628 1.0 0.0 0.0 1.0
4.64 -1.1004258434906713 0.6472774196236638 0.17013575202048958 1.0 0.0 0.0 1.0
4.6499999999999995 -1.1116553855610145 0.6250405564946839 0.17019290090485037 1.0 0.0 0.0 1.0
4.66 -1.1224328078884123 0.6025955884616053 0.17024800077839553 1.0 0.0 0.0 1.0
4.67 -1.1327553213859844 0.5799515318734928 0.1703002885636593 1.0 0.0 0.0 1.0
4.68 -1.1426203146115597 0.5571174940495724 0.17034926723330027 1.0 0.0 0.0 1.0
4.6899999999999995 -1.152025352379015 0.5341026684506462 0.17039446305714237 1.0 0.0 0.0 1.0
4.7 -1.1609681748766323 0.5109163306559801 0.17043542814290805 1.0 0.0 0.0 1.0
4.71 -1.1694466960202718 0.4875678354123712 0.1704717411452992 1.0 0.0 0.0 1.0
4.72 -1.177459002194858 0.46406661089104223 0.17050301176572863 1.0 0.0 0.0 1.0
4.7299999999999995 -1.1850033511205549 0.4404221554539548 0.17052888112740444 1.0 0.0 0.0 1.0
4.74 -1.192078170152953 0.41664403347393936 0.17054902336329228 1.0 0.0 0.0 1.0
4.75 -1.1986820551077813 0.39274186957507723 0.17056314907961423 1.0 0.0 0.0 1.0
4.76 -1.2048137689131755 0.3687253457345816 0.17057100429629724 1.0 0.0 0.0 1.0
4.77 -1.210472239991785 0.34460419558033617 0.17057237329162178 1.0 0.0 0.0 1.0
4.78 -1.2156565611893269 0.3203881996068817 0.17056707957936829 1.0 0.0 0.0 1.0
4.79 -1.2203659882612068 0.29608718164042724 0.17055498491679208 1.0 0.0 0.0 1.0
4.8 -1.2245999384690134 0.27171100228327183 0.1705359923607124 1.0 0.0 0.0 1.0
4.81 -1.2283579895178538 0.24726955511370663 0.17051004488186106 1.0 0.0 0.0 1.0
4.82 -1.2316398780824023 0.2227727619603682 0.17047712522968897 1.0 0.0 0.0 1.0
4.83 -1.2344454986050906 0.19823056643411427 0.17043725786942698 1.0 0.0 0.0 1.0
4.84 -1.2367749022517935 0.17365293062760478 0.17039050607653417 1.0 0.0 0.0 1.0
4.85 -1.2386282955558612 0.14904982888842824 0.1703369730900901 1.0 0.0 0.0 1.0
4.86 -1.2400060394665897 0.12443124252202854 0.17027680147582594 1.0 0.0 0.0 1.0
4.87 -1.2409086483189773 0.0998071559353357 0.17021017033090263 1.0 0.0 0.0 1.0
4.88 -1.241336788687616 0.07518754963917486 0.17013729667629368 1.0 0.0 0.0 1.0
4.89 -1.2412912786251342 0.05058239610861068 0.17005843248205946 1.0 0.0 0.0 1.0
4.8999999999999995 -1.2407730867471973 0.026001654836299393 0.1699738627465125 1.0 0.0 0.0 1.0
4.91 -1.239783331290628 0.0014552655144693478 0.16988390591152205 1.0 0.0 0.0 1.0
4.92 -1.2383232795510875 -0.023046855436681172 0.16978890941736807 1.0 0.0 0.0 1.0
4.93 -1.2363943470663203 -0.04749482122386859 0.16968924913468492 1.0 0.0 0.0 1.0
4.9399999999999995 -1.233998096944465 -0.07187878018928935 0.16958532742914334 1.0 0.0 0.0 1.0
4.95 -1.2311362394632146 -0.09618891969939647 0.1694775688734714 1.0 0.0 0.0 1.0
4.96 -1.2278106313541173 -0.12041547316013018 0.16936642010474592 1.0 0.0 0.0 1.0
4.97 -1.224023275407754 -0.144548724228006 0.1692523458032073 1.0 0.0 0.0 1.0
4.9799999999999995 -1.2197763202047611 -0.16857901162352243 0.169135825330259 1.0 0.0 0.0 1.0
4.99 -1.2150720594948614 -0.19249673587870175 0.16901735197839252 1.0 0.0 0.0 1.0
5.0 -1.2099129321064646 -0.21629236271993377 0.16889742768679883 1.0 0.0 0.0 1.0
5.01 -1.204301521669546 -0.23995642911156634 0.16877656115551562 1.0 0.0 0.0 1.0
5.02 -1.1982405561862024 -0.26347954861931666 0.1686552652888937 1.0 0.0 0.0 1.0
5.03 -1.1917329081742205 -0.286852415013739 0.16853405216503053 1.0 0.0 0.0 1.0
5.04 -1.1847815942839217 -0.31006580882652457 0.16841343195014763 1.0 0.0 0.0 1.0
5.05 -1.177389775151354 -0.3331106013212549 0.16829390875202083 1.0 0.0 0.0 1.0
5.06 -1.1695607556064924 -0.35597775878864313 0.1681759766557973 1.0 0.0 0.0 1.0
5.07 -1.1612979841887 -0.37865834874721355 0.16806011862995796 1.0 0.0 0.0 1.0
5.08 -1.15260505333641 -0.4011435429479021 0.1679468014987427 1.0 0.0 0.0 1.0
5.09 -1.1434856993836142 -0.423424622634298 0.16783647368896448 1.0 0.0 0.0 1.0
5.1 -1.1339438021404182 -0.44549298335810145 0.16772956312251888 1.0 0.0 0.0 1.0
5.11 -1.1239833852971004 -0.46734013796137225 0.16762647262476246 1.0 0.0 0.0 1.0
5.12 -1.1136086160352896 -0.4889577221692643 0.16752757900324958 1.0 0.0 0.0 1.0
5.13 -1.1028238048539118 -0.510337497982623 0.16743322999516952 1.0 0.0 0.0 1.0
5.14 -1.091633405886416 -0.5314713570662182 0.16734374095749982 1.0 0.0 0.0 1.0
5.1499999999999995 -1.0800420161710427 -0.552351325911519 0.16725939464077583 1.0 0.0 0.0 1.0
5.16 -1.068054375799951 -0.572969568171842 0.16718043768620294 1.0 0.0 0.0 1.0
5.17 -1.0556753677404527 -0.5933183886892786 0.16710707931000657 1.0 0.0 0.0 1.0
5.18 -1.0429100170558132 -0.6133902373615494 0.1670394908424373 1.0 0.0 0.0 1.0
5.1899999999999995 -1.0297634911725586 -0.6331777112001666 0.16697780281815192 1.0 0.0 0.0 1.0
5.2 -1.0162410990068065 -0.6526735585052277 0.16692210548297381 1.0 0.0 0.0 1.0
5.21 -1.0023482904040177 -0.671870681373237 0.1668724478895607 1.0 0.0 0.0 1.0
5.22 -0.9880906561088737 -0.6907621378624443 0.16682883639310447 1.0 0.0 0.0 1.0
5.2299999999999995 -0.973473926321992 -0.7093411457082401 0.1667912363639463 1.0 0.0 0.0 1.0
5.24 -0.958503970447935 -0.7276010837621152 0.1667595710237928 1.0 0.0 0.0 1.0
5.25 -0.9431867962480759 -0.7455354944661403 0.16673372206420398 1.0 0.0 0.0 1.0
5.26 -0.927528548297415 -0.7631380864658157 0.16671355725682943 1.0 0.0 0.0 1.0
5.27 -0.9115355077222449 -0.7804027355631776 0.16669890474102755 1.0 0.0 0.0 1.0
5.28 -0.895214090368849 -0.7973234871942668 0.1666895143995421 1.0 0.0 0.0 1.0
5.29 -0.8785708455160395 -0.8138945578647282 0.16668507438975427 1.0 0.0 0.0 1.0
5.3 -0.8616124550906934 -0.8301103359568625 0.1666853827806632 1.0 0.0 0.0 1.0
5.31 -0.8443457311014456 -0.8459653837960943 0.1666899919018864 1.0 0.0 0.0 1.0
5.32 -0.8267776146866753 -0.861454438113387 0.16669855416246387 1.0 0.0 0.0 1.0
5.33 -0.8089151742169592 -0.8765724109004134 0.16671066697305673 1.0 0.0 0.0 1.0
5.34 -0.790765602670598 -0.8913143906630139 0.1667258926545419 1.0 0.0 0.0 1.0
5.35 -0.7723362165685883 -0.9056756422942479 0.16674376752395695 1.0 0.0 0.0 1.0
5.36 -0.7536344528698937 -0.9196516078654032 0.16676382494495454 1.0 0.0 0.0 1.0
5.37 -0.7346678667338897 -0.9332379069978258 0.16678558210235697 1.0 0.0 0.0 1.0
5.38 -0.7154441297447729 -0.9464303364371451 0.16680854191017308 1.0 0.0 0.0 1.0
5.39 -0.6959710260045499 -0.9592248705682409 0.16683219822168938 1.0 0.0 0.0 1.0
5.3999999999999995 -0.676256450325906 -0.9716176610176502 0.16685603756167416 1.0 0.0 0.0 1.0
5.41 -0.6563084051317629 -0.9836050361361592 0.16687954262841279 1.0 0.0 0.0 1.0
5.42 -0.6361349966179436 -0.9951835010441415 0.16690219679977766 1.0 0.0 0.0 1.0
5.43 -0.615744432805281 -1.0063497366785044 0.16692348545619717 1.0 0.0 0.0 1.0
5.4399999999999995 -0.5951450191028105 -1.0171005992289766 0.16694290087060015 1.0 0.0 0.0 1.0
5.45 -0.5743451550791031 -1.0274331196659463 0.16695994502187556 1.0 0.0 0.0 1.0
5.46 -0.5533533316899396 -1.0373445024610328 0.16697413141650508 1.0 0.0 0.0 1.0
5.47 -0.5321781260758038 -1.0468321249372055 0.1669849903057511 1.0 0.0 0.0 1.0
5.4799999999999995 -0.5108281989229212 -1.0558935363037882 0.16699206972962916 1.0 0.0 0.0 1.0
5.49 -0.48931229027597056 -1.0645264562728278 0.16699493860609482 1.0 0.0 0.0 1.0
5.5 -0.4676392145825199 -1.0727287742668974 0.1669931906128341 1.0 0.0 0.0 1.0
5.51 -0.4458178579817047 -1.0804985480544553 0.16698644441351074 1.0 0.0 0.0 1.0
5.52 -0.4238571727491614 -1.0878340023911757 0.1669743478293405 1.0 0.0 0.0 1.0
5.53 -0.4017661732229259 -1.0947335280654782 0.1669565793806574 1.0 0.0 0.0 1.0
5.54 -0.3795539322468454 -1.101195680288342 0.16693284883816273 1.0 0.0 0.0 1.0
5.55 -0.35722957496528684 -1.1072191774272886 0.16690290132124275 1.0 0.0 0.0 1.0
5.56 -0.33480227553518627 -1.1128028998484365 0.16686651668582755 1.0 0.0 0.0 1.0
5.57 -0.3122812521900653 -1.117945888271279 0.1668235111672793 1.0 0.0 0.0 1.0
5.58 -0.28967576146039187 -1.122647342600618 0.16677373980052895 1.0 0.0 0.0 1.0
5.59 -0.26699509496579943 -1.126906620588666 0.16671709479666197 1.0 0.0 0.0 1.0
5.6 -0.24424857316380083 -1.130723236282603 0.1666535081591765 1.0 0.0 0.0 1.0
5.61 -0.2214455407155012 -1.1340968589623293 0.16658295145107627 1.0 0.0 0.0 1.0
5.62 -0.19859536250642887 -1.137027311696475 0.16650543450123406 1.0 0.0 0.0 1.0
5.63 -0.17570741689474023 -1.1395145699786675 0.16642100780843438 1.0 0.0 0.0 1.0
5.64 -0.15279109206238717 -1.1415587607049853 0.16632976007798672 1.0 0.0 0.0 1.0
5.6499999999999995 -0.12985578079141435 -1.1431601607721649 0.1662318179757147 1.0 0.0 0.0 1.0
5.66 -0.10691087428187618 -1.1443191959226284 0.16612734687628553 1.0 0.0 0.0 1.0
5.67 -0.08396575878284747 -1.1450364397528923 0.16601654737803656 1.0 0.0 0.0 1.0
5.68 -0.06102980916939092 -1.1453126124128825 0.16589965608501647 1.0 0.0 0.0 1.0
5.6899999999999995 -0.03811238410702577 -1.1451485796953236 0.1657769437735735 1.0 0.0 0.0 1.0
5.7 -0.01522282206210803 -1.144545352072213 0.16564871231776984 1.0 0.0 0.0 1.0
5.71 0.007629565473491485 -1.1435040835561627 0.16551529538340096 1.0 0.0 0.0 1.0
5.72 0.030435497667254334 -1.1420260709892527 0.16537705455224733 1.0 0.0 0.0 1.0
5.7299999999999995 0.053185729377725324 -1.1401127531448563 0.1652343773292134 1.0 0.0 0.0 1.0
5.74 0.07587105727349523 -1.137765709776112 0.16508767652831036 1.0 0.0 0.0 1.0
5.75 0.09848232303241745 -1.1349866610853394 0.16493738549842163 1.0 0.0 0.0 1.0
5.76 0.12101041941214141 -1.131777466843923 0.16478395732725082 1.0 0.0 0.0 1.0
5.77 0.1434462949184613 -1.1281401257023236 0.16462786206210495 1.0 0.0 0.0 1.0
5.78 0.1657809574232724 -1.124076774766026 0.16446958244773247 1.0 0.0 0.0 1.0
5.79 0.1880054804616593 -1.1195896887328272 0.16430961339467615 1.0 0.0 0.0 1.0
5.8 0.2101110066458098 -1.1146812794765912 0.1641484575515908 1.0 0.0 0.0 1.0
5.81 0.23208875208553095 -1.109354095629618 0.16398662222721924 1.0 0.0 0.0 1.0
5.82 0.2539300120053288 -1.1036108217864375 0.1638246181404099 1.0 0.0 0.0 1.0
5.83 0.2756261634962603 -1.097454278342096 0.16366295432934477 1.0 0.0 0.0 1.0
5.84 0.2971686707856907 -1.090887420918792 0.163502136531997 1.0 0.0 0.0 1.0
5.85 0.3185490894090513 -1.083913339775915 0.16334266443171724 1.0 0.0 0.0 1.0
5.86 0.33975906915579285 -1.0765352597572257 0.1631850272023805 1.0 0.0 0.0 1.0
5.87 0.36079035947024957 -1.0687565395127376 0.16302970266502054 1.0 0.0 0.0 1.0
5.88 0.38163481234226115 -1.0605806712003698 0.1628771533976738 1.0 0.0 0.0 1.0
5.89 0.4022843858059268 -1.0520112803067263 0.1627278236274104 1.0 0.0 0.0 1.0
5.8999999999999995 0.42273114869429756 -1.0430521247688458 0.16258213836362148 1.0 0.0 0.0 1.0
5.91 0.44296728274705194 -1.033707094948732 0.1624404991340183 1.0 0.0 0.0 1.0
5.92 0.46298508675531763 -1.0239802130614117 0.16230328263826976 1.0 0.0 0.0 1.0
5.93 0.48277697998056346 -1.0138756324379743 0.16217083908531038 1.0 0.0 0.0 1.0
5.9399999999999995 0.5023355042383104 -1.0033976375464024 0.16204348867822624 1.0 0.0 0.0 1.0
5.95 0.5216533281103428 -0.9925506429685482 0.16192152156202336 1.0 0.0 0.0 1.0
5.96 0.5407232491382711 -0.9813391929599776 0.16180590338752904 1.0 0.0 0.0 1.0
5.97 0.5595381962251836 -0.9697679611692098 0.16169691884182813 1.0 0.0 0.0 1.0
5.9799999999999995 0.5780912332832157 -0.957841749353643 0.16159401262847428 1.0 0.0 0.0 1.0
5.99 0.5963755605957751 -0.9455654872124266 0.1614973328760925 1.0 0.0 0.0 1.0
6.0 0.6143845176673405 -0.9329442314526103 0.16140699111594312 1.0 0.0 0.0 1.0
6.01 0.632111585731674 -0.9199831646226047 0.16132306249854064 1.0 0.0 0.0 1.0
6.02 0.6495503889082272 -0.9066875948947427 0.16124558403985703 1.0 0.0 0.0 1.0
6.03 0.6666946970868415 -0.8930629544560544 0.16117455619022314 1.0 0.0 0.0 1.0
6.04 0.6835384273459781 -0.8791147986698357 0.16110994255347907 1.0 0.0 0.0 1.0
6.05 0.7000756452307053 -0.864848805377345 0.16105166957843747 1.0 0.0 0.0 1.0
6.06 0.7163005671910928 -0.8502707729073078 0.16099962892911995 1.0 0.0 0.0 1.0
6.07 0.7322075612007042 -0.8353866195283064 0.1609536769330595 1.0 0.0 0.0 1.0
6.08 0.7477911483112901 -0.8202023818518934 0.16091363622780802 1.0 0.0 0.0 1.0
6.09 0.7630460042090031 -0.8047242130007731 0.16087929785190302 1.0 0.0 0.0 1.0
6.1 0.7779669595076248 -0.7889583819163382 0.1608504212052307 1.0 0.0 0.0 1.0
6.11 0.7925490013349976 -0.7729112709114256 0.1608267372633878 1.0 0.0 0.0 1.0
6.12 0.8067872740016266 -0.7565893742456758 0.16080794995561357 1.0 0.0 0.0 1.0
6.13 0.8206770792771212 -0.7399992968001061 0.16079373731564023 1.0 0.0 0.0 1.0
6.14 0.8342138776719085 -0.7231477511829936 0.1607837553515093 1.0 0.0 0.0 1.0
6.15 0.8473932884141722 -0.7060415566525432 0.16077763877484766 1.0 0.0 0.0 1.0
6.16 0.8602110898759115 -0.6886876366905983 0.1607750038827435 1.0 0.0 0.0 1.0
6.17 0.8726632202566036 -0.6710930163687681 0.1607754517839263 1.0 0.0 0.0 1.0
6.18 0.8847457771947443 -0.6532648210628061 0.16077856927134063 1.0 0.0 0.0 1.0
6.1899999999999995 0.8964550182449833 -0.6352102730581728 0.16078393299598545 1.0 0.0 0.0 1.0
6.2 0.9077873609207124 -0.6169366894513894 0.16079111149995384 1.0 0.0 0.0 1.0
6.21 0.9187393822180078 -0.598451480124796 0.16079966693622477 1.0 0.0 0.0 1.0
6.22 0.9293078189344859 -0.5797621438909376 0.16080915954047298 1.0 0.0 0.0 1.0
6.2299999999999995 0.9394895671884383 -0.5608762668390849 0.16081914852432855 1.0 0.0 0.0 1.0
6.24 0.9492816820169498 -0.5418015190663341 0.1608291952571046 1.0 0.0 0.0 1.0
6.25 0.9586813773693513 -0.522545651220767 0.1608388665786687 1.0 0.0 0.0 1.0
6.26 0.9676860253012547 -0.5031164926233049 0.16084773549397113 1.0 0.0 0.0 1.0
6.27 0.9762931556516535 -0.4835219469653629 0.16085548955883272 1.0 0.0 0.0 1.0
6.28 0.9845004556537716 -0.46376998954949905 0.16086179499692746 1.0 0.0 0.0 1.0
6.29 0.9923057690340478 -0.44386866461661534 0.16086605103045268 1.0 0.0 0.0 1.0
6.3 0.9997070956582018 -0.4238260806071687 0.1608678848269468 1.0 0.0 0.0 1.0
6.31 1.0067025908196696 -0.4036504079746215 0.16086694114077776 1.0 0.0 0.0 1.0
6.32 1.0132905643808907 -0.38334987519264946 0.16086288487112663 1.0 0.0 0.0 1.0
6.33 1.0194694803182243 -0.362932764560837 0.1608554036028206 1.0 0.0 0.0 1.0
6.34 1.0252379557890479 -0.34240740982771795 0.16084420726020962 1.0 0.0 0.0 1.0
6.35 1.0305947603681787 -0.32178219114336604 0.1608290314659273 1.0 0.0 0.0 1.0
6.36 1.0355388154449081 -0.3010655317368442 0.16080963802548237 1.0 0.0 0.0 1.0
6.37 1.0400691932326214 -0.2802658947401477 0.16078581505571965 1.0 0.0 0.0 1.0
6.38 1.0441851160562952 -0.2593917777556797 0.1607573801118647 1.0 0.0 0.0 1.0
6.39 1.0478859556284934 -0.2384517102457597 0.1607241789077493 1.0 0.0 0.0 1.0
6.4 1.0511712320906539 -0.21745424902927268 0.16068608666373066 1.0 0.0 0.0 1.0
6.41 1.054040613347911 -0.19640797352129494 0.16064300946463447 1.0 0.0 0.0 1.0
6.42 1.0564939142596996 -0.17532148301278938 0.1605948824903649 1.0 0.0 0.0 1.0
6.43 1.0585310957584286 -0.15420339113083792 0.1605416721273632 1.0 0.0 0.0 1.0
6.4399999999999995 1.0601522642171803 -0.13306232211437216 0.16048337512403463 1.0 0.0 0.0 1.0
6.45 1.0613576706376227 -0.11190690733834131 0.16042001729403904 1.0 0.0 0.0 1.0
6.46 1.0621477098350547 -0.09074577945962815 0.16035165537629525 1.0 0.0 0.0 1.0
6.47 1.0625229198579798 -0.06958756953787457 0.16027837438868026 1.0 0.0 0.0 1.0
6.4799999999999995 1.0624839811879205 -0.048440902296257776 0.16020028754727433 1.0 0.0 0.0 1.0
6.49 1.0620317160333534 -0.027314391033601455 0.16011753641710763 1.0 0.0 0.0 1.0
6.5 1.0611670877958206 -0.0062166347548037884 0.1600302877714915 1.0 0.0 0.0 1.0
6.51 1.0598912002768874 0.01484378754578068 0.15993873435427555 1.0 0.0 0.0 1.0
6.52 1.058205297116461 0.03585832079980115 0.1598430929005782 1.0 0.0 0.0 1.0
6.53 1.0561107612975194 0.05681843739926205 0.15974360152187034 1.0 0.0 0.0 1.0
6.54 1.0536091143577901 0.07771564313932387 0.1596405203589759 1.0 0.0 0.0 1.0
6.55 1.0507020160066367 0.09854148017621234 0.15953412793219468 1.0 0.0 0.0 1.0
6.56 1.0473912635841536 0.1192875316884531 0.15942471977491934 1.0 0.0 0.0 1.0
6.57 1.043678791363709 0.1399454269999723 0.1593126076816092 1.0 0.0 0.0 1.0
6.58 1.039566670313006 0.160506844379741 0.15919811562445263 1.0 0.0 0.0 1.0
6.59 1.0350571074279227 0.18096351657635665 0.15908157941554243 1.0 0.0 0.0 1.0
6.6 1.0301524452262667 0.20130723467602837 0.15896334411811386 1.0 0.0 0.0 1.0
6.61 1.0248551615496457 0.22152985142972462 0.15884376058709893 1.0 0.0 0.0 1.0
6.62 1.0191678687689258 0.2416232869111834 0.15872318532894947 1.0 0.0 0.0 1.0
6.63 1.013093313534639 0.2615795313375002 0.1586019765312634 1.0 0.0 0.0 1.0
6.64 1.0066343764207377 0.28139064931901736 0.15848049194188474 1.0 0.0 0.0 1.0
6.65 0.9997940711460175 0.3010487846877004 0.15835908783728964 1.0 0.0 0.0 1.0
6.66 0.9925755445172928 0.32054616299624883 0.15823811475829688 1.0 0.0 0.0 1.0
6.67 0.9849820757558493 0.3398750964926378 0.15811791670642594 1.0 0.0 0.0 1.0
6.68 0.9770170759159582 0.35902798765274835 0.1579988287511816 1.0 0.0 0.0 1.0
6.6899999999999995 0.9686840878184391 0.3779973320254654 0.15788117352922143 1.0 0.0 0.0 1.0
6.7 0.9599867850656196 0.3967757232281194 0.157765261082282 1.0 0.0 0.0 1.0
6.71 0.9509289717592713 0.4153558554031128 0.15765138546456398 1.0 0.0 0.0 1.0
6.72 0.9415145821093677 0.4337305267373894 0.15753982273455686 1.0 0.0 0.0 1.0
6.7299999999999995 0.931747679365519 0.45189264366107706 0.1574308305040813 1.0 0.0 0.0 1.0
6.74 0.9216324557325458 0.46983522283093404 0.15732464443149313 1.0 0.0 0.0 1.0
6.75 0.9111732314264472 0.4875513951936805 0.15722147786037433 1.0 0.0 0.0 1.0
6.76 0.9003744538042685 0.5050344089377061 0.1571215205138114 1.0 0.0 0.0 1.0
6.77 0.8892406971698982 0.522277631615127 0.1570249358747921 1.0 0.0 0.0 1.0
6.78 0.8777766613198426 0.5392745541441426 0.1569318619116345 1.0 0.0 0.0 1.0
6.79 0.865987171004009 0.5560187927015581 0.1568424090870247 1.0 0.0 0.0 1.0
6.8 0.8538771752070242 0.5725040912621852 0.1567566607675744 1.0 0.0 0.0 1.0
6.81 0.8414517455197433 0.5887243248835766 0.15667467476490224 1.0 0.0 0.0 1.0
6.82 0.8287160757827363 0.6046735010173757 0.15659647099313412 1.0 0.0 0.0 1.0
6.83 0.8156754805643116 0.6203457624066413 0.15652204545118673 1.0 0.0 0.0 1.0
6.84 0.8023353937643368 0.6357353892614647 0.15645141644033184 1.0 0.0 0.0 1.0
6.85 0.7887013680191111 0.6508368005116617 0.15638452395376232 1.0 0.0 0.0 1.0
6.86 0.7747790724929123 0.6656445566010092 0.15632122462646084 1.0 0.0 0.0 1.0
6.87 0.7605742918610413 0.6801533606913838 0.15626140123651724 1.0 0.0 0.0 1.0
6.88 0.746092924992742 0.6943580601074938 0.15620490941966544 1.0 0.0 0.0 1.0
6.89 0.7313409825140237 0.7082536485416586 0.1561515802114243 1.0 0.0 0.0 1.0
6.9 0.716324585971454 0.7218352666419136 0.1561012564997953 1.0 0.0 0.0 1.0
6.91 0.70104996548165 0.7350982036558856 0.15605369605175265 1.0 0.0 0.0 1.0
6.92 0.6855234576171578 0.7480378987469377 0.15600864783130172 1.0 0.0 0.0 1.0
6.93 0.6697515042081766 0.7606499413770414 0.15596585342418862 1.0 0.0 0.0 1.0
6.9399999999999995 0.6537406491822917 0.7729300728550809 0.15592503736514254 1.0 0.0 0.0 1.0
6.95 0.6374975369170243 0.7848741868436964 0.1558859081041967 1.0 0.0 0.0 1.0
6.96 0.6210289101619886 0.7964783297747621 0.15584815958617645 1.0 0.0 0.0 1.0
6.97 0.604341606646932 0.8077387019756193 0.15581147495764183 1.0 0.0 0.0 1.0
6.9799999999999995 0.5874425576541654 0.8186516576126059 0.15577552696537095 1.0 0.0 0.0 1.0
6.99 0.5703387847310253 0.8292137051972663 0.15573998121362925 1.0 0.0 0.0 1.0
7.0 0.5530373967708249 0.8394215080979665 0.1557044987710388 1.0 0.0 0.0 1.0
7.01 0.5355455881403672 0.8492718842114594 0.15566873693855665 1.0 0.0 0.0 1.0
7.02 0.5178706345277388 0.8587618064213434 0.15563235345504112 1.0 0.0 0.0 1.0
7.03 0.5000198906233079 0.8678884025205217 0.1555950077164257 1.0 0.0 0.0 1.0
7.04 0.4820007872787587 0.8766489548352456 0.15555636259813227 1.0 0.0 0.0 1.0
7.05 0.4638208271704788 0.8850409004414872 0.1555160884077223 1.0 0.0 0.0 1.0
7.06 0.44548758279296025 0.893061830654601 0.15547386309102193 1.0 0.0 0.0 1.0
7.07 0.4270086923087452 0.90070949068782 0.1554293754881186 1.0 0.0 0.0 1.0
7.08 0.40839185587242083 0.9079817795338309 0.1553823276582364 1.0 0.0 0.0 1.0
7.09 0.38964483316185494 0.9148767491997926 0.15533243518601508 1.0 0.0 0.0 1.0
7.1 0.37077543837433885 0.921392604377084 0.15527943106515282 1.0 0.0 0.0 1.0
7.11 0.35179153731824725 0.9275277019764722 0.155223066196528 1.0 0.0 0.0 1.0
7.12 0.3327010439677827 0.9332805503014858 0.155163110508525 1.0 0.0 0.0 1.0
7.13 0.31351191535721323 0.9386498086307766 0.1550993562688172 1.0 0.0 0.0 1.0
7.14 0.2942321491230819 0.943634286496309 0.15503161723812828 1.0 0.0 0.0 1.0
7.15 0.27486977873560625 0.9482329428659255 0.15495973106480407 1.0 0.0 0.0 1.0
7.16 0.255432869242692 0.9524448856254734 0.15488356059731198 1.0 0.0 0.0 1.0
7.17 0.2359295144057975 0.9562693706808943 0.15480299299732056 1.0 0.0 0.0 1.0
7.18 0.21636783113897826 0.9597058011841195 0.15471794257934499 1.0 0.0 0.0 1.0
7.1899999999999995 0.19675595619604153 0.962753726891878 0.1546283500555487 1.0 0.0 0.0 1.0
7.2 0.17710204239859198 0.9654128432250768 0.15453418235284777 1.0 0.0 0.0 1.0
7.21 0.15741425306882675 0.9676829905006342 0.15443543476535743 1.0 0.0 0.0 1.0
7.22 0.13770075932768847 0.9695641532129683 0.15433212871787366 1.0 0.0 0.0 1.0
7.2299999999999995 0.11796973506538908 0.9710564590741425 0.15422431281581234 1.0 0.0 0.0 1.0
7.24 0.09822935237609902 0.9721601782997666 0.15411206291442497 1.0 0.0 0.0 1.0
7.25 0.07848777856919661 0.9728757228152349 0.15399547981851824 1.0 0.0 0.0 1.0
7.26 0.05875317043977999 0.9732036453132247 0.15387469078430205 1.0 0.0 0.0 1.0
7.27 0.03903367079817717 0.9731446385876601 0.15374984752880994 1.0 0.0 0.0 1.0
7.28 0.019337404702957434 0.9726995347116884 0.15362112463530853 1.0 0.0 0.0 1.0
7.29 -0.0003275261868019727 0.9718693041133799 0.15348872048684098 1.0 0.0 0.0 1.0
7.3 -0.019953046318043222 0.9706550549824714 0.1533528538485412 1.0 0.0 0.0 1.0
7.31 -0.03953111113640215 0.9690580323663611 0.1532137635581949 1.0 0.0 0.0 1.0
7.32 -0.05905371164590555 0.9670796173671898 0.15307170759575503 1.0 0.0 0.0 1.0
7.33 -0.07851287724078544 0.9647213265588422 0.15292695965479866 1.0 0.0 0.0 1.0
7.34 -0.09790068119197312 0.9619848110045507 0.15277980946602668 1.0 0.0 0.0 1.0
7.35 -0.11720924401210246 0.9588718556118974 0.1526305600426347 1.0 0.0 0.0 1.0
7.36 -0.1364307368961208 0.9553843785047513 0.15247952503479603 1.0 0.0 0.0 1.0
7.37 -0.15555738706028494 0.9515244299937323 0.152327028805649 1.0 0.0 0.0 1.0
7.38 -0.1745814802252558 0.9472941921111885 0.152173402456447 1.0 0.0 0.0 1.0
7.39 -0.19349536500357162 0.9426959777887569 0.1520189825874792 1.0 0.0 0.0 1.0
7.4 -0.21229145714421999 0.9377322299500049 0.15186410996820737 1.0 0.0 0.0 1.0
7.41 -0.23096224196424564 0.9324055211041952 0.15170912565274616 1.0 0.0 0.0 1.0
7.42 -0.24950027922211507 0.9267185522898724 0.15155437068271518 1.0 0.0 0.0 1.0
7.43 -0.2678982061381329 0.920674152387655 0.15140018332747 1.0 0.0 0.0 1.0
7.4399999999999995 -0.28614874024786546 0.9142752776122763 0.15124689610468983 1.0 0.0 0.0 1.0
7.45 -0.30424468409202665 0.9075250102898926 0.1510948356821852 1.0 0.0 0.0 1.0
7.46 -0.32217892729204 0.9004265584226379 0.15094431918815954 1.0 0.0 0.0 1.0
7.47 -0.339944450146428 0.8929832548290162 0.15079565279888252 1.0 0.0 0.0 1.0
7.4799999999999995 -0.35753432729827894 0.885198556013131 0.15064913079749795 1.0 0.0 0.0 1.0
7.49 -0.3749417295952778 0.8770760417988842 0.15050503208736618 1.0 0.0 0.0 1.0
7.5 -0.3921599280703449 0.8686194140460771 0.15036362007166112 1.0 0.0 0.0 1.0
7.51 -0.40918229643335857 0.8598324957827762 0.1502251407053432 1.0 0.0 0.0 1.0
7.52 -0.4260023131700481 0.8507192306495486 0.15008982002464166 1.0 0.0 0.0 1.0
7.53 -0.4426135653349846 0.8412836813101803 0.14995786466611338 1.0 0.0 0.0 1.0
7.54 -0.45900975010094264 0.8315300288918599 0.14982965999025516 1.0 0.0 0.0 1.0
7.55 -0.47518467739518555 0.8214625718967037 0.14970551521402314 1.0 0.0 0.0 1.0
7.56 -0.4911322728072553 0.811085724677043 0.14958523202765156 1.0 0.0 0.0 1.0
7.57 -0.5068465787964571 0.8004040169348235 0.14946892279764132 1.0 0.0 0.0 1.0
7.58 -0.5223217576228815 0.7894220920128439 0.14935667560253968 1.0 0.0 0.0 1.0
7.59 -0.5375520932020443 0.7781447056866372 0.14924855366466513 1.0 0.0 0.0 1.0
7.6 -0.5525319923919815 0.766576725371857 0.1491445940132926 1.0 0.0 0.0 1.0
7.61 -0.567255987762092 0.7547231279832429 0.14904480918772917 1.0 0.0 0.0 1.0
7.62 -0.5817187385740743 0.742588999095155 0.14894918606642915 1.0 0.0 0.0 1.0
7.63 -0.595915032421596 0.7301795314395442 0.1488576862306991 1.0 0.0 0.0 1.0
7.64 -0.6098397872951059 0.717500022826145 0.14877024751504714 1.0 0.0 0.0 1.0
7.65 -0.6234880521508551 0.7045558753534873 0.14868678297151955 1.0 0.0 0.0 1.0
7.66 -0.6368550087718216 0.6913525931097347 0.14860718285047797 1.0 0.0 0.0 1.0
7.67 -0.6499359729621238 0.677895780492671 0.1485313154126555 1.0 0.0 0.0 1.0
7.68 -0.6627263950758258 0.6641911410323519 0.14845902678050968 1.0 0.0 0.0 1.0
7.6899999999999995 -0.6752218617643256 0.6502444745671575 0.14839014384464186 1.0 0.0 0.0 1.0
7.7 -0.6874180964231696 0.6360616760104811 0.14832447430394016 1.0 0.0 0.0 1.0
7.71 -0.6993109599268807 0.6216487333182422 0.14826180806186706 1.0 0.0 0.0 1.0
7.72 -0.7108964518713522 0.6070117247510153 0.1482019198901666 1.0 0.0 0.0 1.0
7.7299999999999995 -0.7221707106038391 0.5921568177045281 0.14814456933176628 1.0 0.0 0.0 1.0
7.74 -0.733130014122109 0.5770902657381928 0.1480895035890653 1.0 0.0 0.0 1.0
7.75 -0.7437707806664159 0.5618184063541009 0.14803645917543334 1.0 0.0 0.0 1.0
7.76 -0.7540895686378493 0.5463476593642033 0.14798516246204943 1.0 0.0 0.0 1.0
7.77 -0.7640830774441331 0.530684523345387 0.14793533329441377 1.0 0.0 0.0 1.0
7.78 -0.7737481475107146 0.514835573961906 0.14788668554275375 1.0 0.0 0.0 1.0
7.79 -0.7830817603048679 0.49880746138154713 0.14783892894873923 1.0 0.0 0.0 1.0
7.8 -0.7920810388659565 0.48260690686137225 0.14779177223148732 1.0 0.0 0.0 1.0
7.81 -0.8007432474563905 0.46624070118064154 0.14774492316621643 1.0 0.0 0.0 1.0
7.82 -0.809065791705357 0.4497157010191982 0.1476980917245071 1.0 0.0 0.0 1.0
7.83 -0.8170462187167206 0.43303882619965517 0.14765099178085417 1.0 0.0 0.0 1.0
7.84 -0.8246822165859765 0.41621705761680955 0.1476033416028117 1.0 0.0 0.0 1.0
7.85 -0.8319716145449108 0.39925743303301564 0.1475548674628518 1.0 0.0 0.0 1.0
7.86 -0.8389123826744859 0.3821670449751803 0.14750530390697517 1.0 0.0 0.0 1.0
7.87 -0.845502631468711 0.3649530376728518 0.1474543953225253 1.0 0.0 0.0 1.0
7.88 -0.851740611819524 0.34762260303824594 0.14740189877354612 1.0 0.0 0.0 1.0
7.89 -0.8576247144720583 0.33018297875296976 0.14734758351793542 1.0 0.0 0.0 1.0
7.9 -0.8631534696661927 0.3126414441159543 0.1472912337162956 1.0 0.0 0.0 1.0
7.91 -0.8683255469052423 0.29500531682329695 0.1472326495380264 1.0 0.0 0.0 1.0
7.92 -0.8731397542958009 0.2772819505527937 0.14717164694715562 1.0 0.0 0.0 1.0
7.93 -0.8775950382179869 0.25947873024990165 0.14710806069696458 1.0 0.0 0.0 1.0
7.94 -0.8816904828824249 0.241603069678194 0.1470417437714693 1.0 0.0 0.0 1.0
7.95 -0.8854253096830693 0.22366240802758316 0.14697256810981035 1.0 0.0 0.0 1.0
7.96 -0.8887988768129843 0.20566420543788286 0.14690042668525558 1.0 0.0 0.0 1.0
7.97 -0.8918106786881874 0.18761594084278585 0.14682523202736936 1.0 0.0 0.0 1.0
7.9799999999999995 -0.8944603453256201 0.16952510748352825 0.14674691802875117 1.0 0.0 0.0 1.0
7.99 -0.896747641904351 0.15139920935970566 0.14666544012719998 1.0 0.0 0.0 1.0
8.0 -0.8986724681161589 0.13324575861552024 0.14658077404669093 1.0 0.0 0.0 1.0
8.01 -0.9002348575569893 0.11507227053559724 0.14649291783219254 1.0 0.0 0.0 1.0
8.02 -0.9014349772380226 0.0968862608742118 0.1464018902944137 1.0 0.0 0.0 1.0
8.03 -0.9022731269193894 0.07869524233224656 0.1463077306318365 1.0 0.0 0.0 1.0
8.04 -0.902749738493513 0.06050671983543528 0.14621049958119178 1.0 0.0 0.0 1.0
8.05 -0.9028653754852619 0.04232818827370713 0.14611027688999675 1.0 0.0 0.0 1.0
8.06 -0.9026207323340638 0.02416712792850676 0.1460071620476135 1.0 0.0 0.0 1.0
8.07 -0.9020166338297423 0.006031000772905583 0.14590127357166993 1.0 0.0 0.0 1.0
8.08 -0.9010540345833116 -0.012072752161031748 0.1457927467106164 1.0 0.0 0.0 1.0
8.09 -0.8997340182567252 -0.03013671581073519 0.1456817344821536 1.0 0.0 0.0 1.0
8.1 -0.8980577970763148 -0.04815350381692107 0.14556840530392556 1.0 0.0 0.0 1.0
8.11 -0.8960267112425819 -0.06611576195195198 0.1454529415837009 1.0 0.0 0.0 1.0
8.12 -0.8936422281400873 -0.08401617283264154 0.14533554007287935 1.0 0.0 0.0 1.0
8.13 -0.8909059419425632 -0.10184745812800244 0.14521640857722617 1.0 0.0 0.0 1.0
8.14 -0.8878195728602511 -0.11960238294314825 0.14509576575255617 1.0 0.0 0.0 1.0
8.15 -0.8843849664593563 -0.13727375946122936 0.14497383982511738 1.0 0.0 0.0 1.0
8.16 -0.8806040932642452 -0.1548544494019359 0.14485086558496252 1.0 0.0 0.0 1.0
8.17 -0.8764790478384571 -0.1723373687854655 0.1447270846972039 1.0 0.0 0.0 1.0
8.18 -0.8720120482745376 -0.18971549055232675 0.1446027429858805 1.0 0.0 0.0 1.0
8.19 -0.8672054356653578 -0.2069818476661799 0.14447808837897008 1.0 0.0 0.0 1.0
8.2 -0.8620616731063953 -0.2241295375426012 0.14435337087485317 1.0 0.0 0.0 1.0
8.209999999999999 -0.8565833453535513 -0.2411517240424481 0.14422883904948963 1.0 0.0 0.0 1.0
8.22 -0.8507731579850141 -0.25804164139190205 0.14410473936295742 1.0 0.0 0.0 1.0
8.23 -0.8446339365370263 -0.2747925975461821 0.14398131487639193 1.0 0.0 0.0 1.0
8.24 -0.8381686261569301 -0.2913979762886601 0.14385880212568244 1.0 0.0 0.0 1.0
8.25 -0.8313802904494264 -0.3078512414475818 0.14373743124649024 1.0 0.0 0.0 1.0
8.26 -0.8242721108500078 -0.32414593922470863 0.14361742355988402 1.0 0.0 0.0 1.0
8.27 -0.8168473860508088 -0.340275700763615 0.14349898950065623 1.0 0.0 0.0 1.0
8.28 -0.809109530680443 -0.35623424602895293 0.1433823288083353 1.0 0.0 0.0 1.0
8.29 -0.8010620749009184 -0.372015385439892 0.14326762751903638 1.0 0.0 0.0 1.0
8.3 -0.7927086633485826 -0.38761302308597506 0.14315505743521745 1.0 0.0 0.0 1.0
8.31 -0.7840530539616599 -0.40302115960732887 0.14304477548996103 1.0 0.0 0.0 1.0
8.32 -0.7750991175436064 -0.41823389378392745 0.1429369211808899 1.0 0.0 0.0 1.0
8.33 -0.7658508362237911 -0.4332454259666072 0.14283204220106752 1.0 0.0 0.0 1.0
8.34 -0.756312302581809 -0.4480500599626288 0.14272986759340212 1.0 0.0 0.0 1.0
8.35 -0.7464877188705528 -0.46264220491535885 0.1426304374581807 1.0 0.0 0.0 1.0
8.36 -0.7363813952165856 -0.47701637841783806 0.14253381597079337 1.0 0.0 0.0 1.0
8.37 -0.725997749016464 -0.4911672076815002 0.14244004656609946 1.0 0.0 0.0 1.0
8.38 -0.7153413034886289 -0.5050894318835445 0.1423491521822833 1.0 0.0 0.0 1.0
8.39 -0.7044166860481784 -0.5187779044065828 0.14226113575845561 1.0 0.0 0.0 1.0
8.4 -0.6932286276272718 -0.532227593832859 0.14217597871410617 1.0 0.0 0.0 1.0
8.41 -0.6817819605893578 -0.5454335864380557 0.14209364251242376 1.0 0.0 0.0 1.0
8.42 -0.6700816174707425 -0.5583910875357267 0.1420140684150364 1.0 0.0 0.0 1.0
8.43 -0.6581326298482204 -0.5710954226027316 0.14193717706587916 1.0 0.0 0.0 1.0
8.44 -0.6459401259147385 -0.5835420395012499 0.14186287063864197 1.0 0.0 0.0 1.0
8.45 -0.6335093295508434 -0.5957265091423937 0.14179103205575627 1.0 0.0 0.0 1.0
8.459999999999999 -0.6208455583480588 -0.6076445269134897 0.14172152622467427 1.0 0.0 0.0 1.0
8.47 -0.6079542214120581 -0.6192919141997826 0.1416542016918483 1.0 0.0 0.0 1.0
8.48 -0.59484081832277 -0.6306646187867727 0.14158889014307066 1.0 0.0 0.0 1.0
8.49 -0.5815109363904776 -0.6417587163856538 0.14152540895470592 1.0 0.0 0.0 1.0
8.5 -0.5679702489203422 -0.6525704114141923 0.14146356196943263 1.0 0.0 0.0 1.0
8.51 -0.5542245136277751 -0.6630960374105792 0.1414031399360327 1.0 0.0 0.0 1.0
8.52 -0.5402795695093179 -0.6733320583552455 0.14134392357578685 1.0 0.0 0.0 1.0
8.53 -0.526141335515999 -0.683275068864938 0.14128568357534393 1.0 0.0 0.0 1.0
8.54 -0.5118158079893393 -0.6929217947758739 0.14122818253414468 1.0 0.0 0.0 1.0
8.55 -0.4973090578403843 -0.7022690939654306 0.14117117732985296 1.0 0.0 0.0 1.0
8.56 -0.4826272291037497 -0.7113139562569 0.14111441913683162 1.0 0.0 0.0 1.0
8.57 -0.46777653551842396 -0.7200535040722083 0.14105765653050312 1.0 0.0 0.0 1.0
8.58 -0.45276325828999264 -0.7284849927055803 0.14100063666169133 1.0 0.0 0.0 1.0
8.59 -0.4375937440450909 -0.7366058101693933 0.1409431059836434 1.0 0.0 0.0 1.0
8.6 -0.4222744010187203 -0.7444134777213327 0.14088481365875155 1.0 0.0 0.0 1.0
8.61 -0.40681169732740863 -0.7519056496908171 0.14082551161963552 1.0 0.0 0.0 1.0
8.62 -0.3912121578663946 -0.7590801134016609 0.14076495660908034 1.0 0.0 0.0 1.0
8.63 -0.37548236090188136 -0.7659347893960259 0.1407029125801787 1.0 0.0 0.0 1.0
8.64 -0.3596289362576761 -0.7724677310022652 0.14063915052216328 1.0 0.0 0.0 1.0
8.65 -0.343658561316289 -0.7786771243075856 0.14057345146632733 1.0 0.0 0.0 1.0
8.66 -0.32757795833387676 -0.784561288038451 0.14050560735689838 1.0 0.0 0.0 1.0
8.67 -0.31139389201852635 -0.7901186730446199 0.14043542139248666 1.0 0.0 0.0 1.0
8.68 -0.29511316516519515 -0.7953478622137027 0.14036271111958046 1.0 0.0 0.0 1.0
8.69 -0.2787426165981755 -0.800247570066945 0.14028730791493374 1.0 0.0 0.0 1.0
8.7 -0.2622891176809944 -0.8048166422595827 0.14020905848236037 1.0 0.0 0.0 1.0
8.71 -0.24575956845003838 -0.8090540553559125 0.1401278267070684 1.0 0.0 0.0 1.0
8.72 -0.22916089554606767 -0.8129589162407672 0.1400434927183501 1.0 0.0 0.0 1.0
8.73 -0.21250004783204102 -0.816530461642201 0.13995595523227475 1.0 0.0 0.0 1.0
8.74 -0.19578399338749725 -0.8197680577501334 0.13986513164982603 1.0 0.0 0.0 1.0
8.75 -0.17901971686939722 -0.8226711995492957 0.13977095753703744 1.0 0.0 0.0 1.0
8.76 -0.16221421481694515 -0.8252395103188798 0.13967338894194925 1.0 0.0 0.0 1.0
8.77 -0.1453744933883318 -0.827472741127074 0.13957240097093732 1.0 0.0 0.0 1.0
8.78 -0.12850756470775584 -0.8293707701334561 0.13946798833764135 1.0 0.0 0.0 1.0
8.79 -0.11162044273978321 -0.8309336020587188 0.13936016638630894 1.0 0.0 0.0 1.0
8.8 -0.09472014112434862 -0.8321613675887838 0.1392489691630747 1.0 0.0 0.0 1.0
8.81 -0.07781366867390227 -0.8330543226467122 0.139134450800063 1.0 0.0 0.0 1.0
8.82 -0.06090802622257956 -0.8336128478545853 0.1390166847343884 1.0 0.0 0.0 1.0
8.83 -0.04401020396795049 -0.8338374478738863 0.13889576218797234 1.0 0.0 0.0 1.0
8.84 -0.02712717672148689 -0.8337287506423817 0.13877179355186675 1.0 0.0 0.0 1.0
8.85 -0.010265901594737371 -0.8332875068509996 0.1386449061105745 1.0 0.0 0.0 1.0
8.86 0.006566685562471244 -0.8325145892003707 0.13851524356729672 1.0 0.0 0.0 1.0
8.87 0.023363674308492358 -0.831410991657256 0.13838296628195956 1.0 0.0 0.0 1.0
8.88 0.04011818169932646 -0.8299778289314238 0.13824824849036016 1.0 0.0 0.0 1.0
8.89 0.056823356628224214 -0.8282163356137874 0.1381112787548314 1.0 0.0 0.0 1.0
8.9 0.07347238292807688 -0.8261278655281924 0.1379722585355048 1.0 0.0 0.0 1.0
8.91 0.0900584818460965 -0.8237138911509879 0.13783139986526835 1.0 0.0 0.0 1.0
8.92 0.10657491656480134 -0.8209760026527043 0.1376889259629559 1.0 0.0 0.0 1.0
8.93 0.12301499440651706 -0.8179159073747703 0.13754506847013642 1.0 0.0 0.0 1.0
8.94 0.1393720700639968 -0.814535429092244 0.1374000662004585 1.0 0.0 0.0 1.0
8.95 0.15563954952564155 -0.8108365070734125 0.13725416491754858 1.0 0.0 0.0 1.0
8.96 0.171810891933854 -0.8068211956295808 0.13710761413265354 1.0 0.0 0.0 1.0
8.97 0.18787961349940993 -0.8024916631364853 0.13696066694375508 1.0 0.0 0.0 1.0
8.98 0.20383929037246518 -0.7978501912553888 0.13681357843171232 1.0 0.0 0.0 1.0
8.99 0.21968356075789935 -0.7928991744137998 0.13666660298538919 1.0 0.0 0.0 1.0
9.0 0.23540612895919008 -0.7876411186298331 0.13651999457061417 1.0 0.0 0.0 1.0
9.01 0.25100076733139487 -0.7820786409431116 0.136374004028789 1.0 0.0 0.0 1.0
9.02 0.26646131898981273 -0.776214468643617 0.13622887754638022 1.0 0.0 0.0 1.0
9.03 0.2817817013005969 -0.7700514380799519 0.13608485648149155 1.0 0.0 0.0 1.0
9.04 0.2969559073908491 -0.7635924942172178 0.135942174325696 1.0 0.0 0.0 1.0
9.05 0.311978009433182 -0.7568406894761249 0.13580105645943694 1.0 0.0 0.0 1.0
9.06 0.3268421611339184 -0.7497991827500903 0.13566171894123646 1.0 0.0 0.0 1.0
9.07 0.3415425993682717 -0.7424712388630778 0.13552436606322799 1.0 0.0 0.0 1.0
9.08 0.35607364755911014 -0.7348602270913863 0.1353891908333428 1.0 0.0 0.0 1.0
9.09 0.3704297172734647 -0.7269696204611108 0.13525637290022874 1.0 0.0 0.0 1.0
9.1 0.3846053102903885 -0.718802994846125 0.1351260773222547 1.0 0.0 0.0 1.0
9.11 0.3985950214975844 -0.7103640274272074 0.13499845497300228 1.0 0.0 0.0 1.0
9.12 0.4123935399875988 -0.7016564961595245 0.13487364020548043 1.0 0.0 0.0 1.0
9.13 0.42599565158862546 -0.692684278322187 0.13475175106888482 1.0 0.0 0.0 1.0
9.14 0.4393962408663357 -0.6834513492339251 0.13463288895544379 1.0 0.0 0.0 1.0
9.15 0.45259029222624625 -0.6739617815778496 0.13451713687087807 1.0 0.0 0.0 1.0
9.16 0.4655728925190236 -0.6642197435141548 0.13440456060169942 1.0 0.0 0.0 1.0
9.17 0.4783392322235223 -0.6542294977452101 0.13429520762751437 1.0 0.0 0.0 1.0
9.18 0.4908846068374896 -0.6439954003740048 0.13418910660950145 1.0 0.0 0.0 1.0
9.19 0.5032044190909838 -0.6335218989113387 0.13408626870734952 1.0 0.0 0.0 1.0
9.2 0.5152941796188343 -0.622813531555246 0.1339866862049355 1.0 0.0 0.0 1.0
9.21 0.5271495087045521 -0.6118749253487912 0.13389033350617757 1.0 0.0 0.0 1.0
9.22 0.5387661377487379 -0.6007107945048277 0.13379716779494394 1.0 0.0 0.0 1.0
9.23 0.5501399098562885 -0.5893259395005314 0.13370712818270647 1.0 0.0 0.0 1.0
9.24 0.5612667816463559 -0.577725244695376 0.13362013772630474 1.0 0.0 0.0 1.0
9.25 0.5721428240158413 -0.5659136770826662 0.1335361033125013 1.0 0.0 0.0 1.0
9.26 0.5827642228969669 -0.553896284827388 0.13345491592347383 1.0 0.0 0.0 1.0
9.27 0.5931272807733605 -0.5416781947493668 0.133376452837498 1.0 0.0 0.0 1.0
9.28 0.6032284169704689 -0.5292646113447719 0.1333005770666652 1.0 0.0 0.0 1.0
9.29 0.6130641686661216 -0.5166608144924424 0.13322713906836353 1.0 0.0 0.0 1.0
9.3 0.6226311918348076 -0.5038721573323776 0.13315597818679684 1.0 0.0 0.0 1.0
9.31 0.6319262613983546 -0.4909040650732231 0.13308692243881293 1.0 0.0 0.0 1.0
9.32 0.6409462722983067 -0.47776203208158907 0.13301979116796503 1.0 0.0 0.0 1.0
9.33 0.6496882398791739 -0.4644516202766714 0.1329543955177052 1.0 0.0 0.0 1.0
9.34 0.6581493001223477 -0.4509784573179929 0.1328905391555438 1.0 0.0 0.0 1.0
9.35 0.6663267105179014 -0.4373482335474049 0.13282802099376922 1.0 0.0 0.0 1.0
9.36 0.6742178500533341 -0.4235667007251913 0.13276663496663196 1.0 0.0 0.0 1.0
9.37 0.6818202196123909 -0.40963966928813905 0.13270617206864743 1.0 0.0 0.0 1.0
9.38 0.6891314424506307 -0.39557300577599386 0.13264642208754668 1.0 0.0 0.0 1.0
9.39 0.6961492640292195 -0.38137263134722843 0.1325871735279723 1.0 0.0 0.0 1.0
9.4 0.7028715524665611 -0.367044518371888 0.13252821644175086 1.0 0.0 0.0 1.0
9.41 0.7092962986116986 -0.3525946884729074 0.13246934294007384 1.0 0.0 0.0 1.0
9.42 0.7154216159033385 -0.33802921039277334 0.13241034786889003 1.0 0.0 0.0 1.0
9.43 0.7212457406967975 -0.3233541964422702 0.13235103154560715 1.0 0.0 0.0 1.0
9.44 0.7267670320500865 -0.3085758009688361 0.1322911993267559 1.0 0.0 0.0 1.0
9.45 0.7319839716696438 -0.29370021723589845 0.13223066347133197 1.0 0.0 0.0 1.0
9.46 0.7368951639992107 -0.27873367444568237 0.13216924465868046 1.0 0.0 0.0 1.0
9.47 0.7414993358697041 -0.26368243600911195 0.13210677153991884 1.0 0.0 0.0 1.0
9.48 0.7457953364741419 -0.248552795740332 0.13204308326525072 1.0 0.0 0.0 1.0
9.49 0.7497821372119011 -0.23335107559503393 0.13197802957090732 1.0 0.0 0.0 1.0
9.5 0.7534588313274883 -0.21808362329774972 0.13191147094872524 1.0 0.0 0.0 1.0
9.51 0.756824633808172 -0.20275680840819402 0.13184328097138676 1.0 0.0 0.0 1.0
9.52 0.7598788810612082 -0.18737702057943276 0.13177334525946466 1.0 0.0 0.0 1.0
9.53 0.762621030564483 -0.1719506661853945 0.13170156276434844 1.0 0.0 0.0 1.0
9.54 0.7650506606519417 -0.15648416503894902 0.1316278467401164 1.0 0.0 0.0 1.0
9.55 0.7671674700957533 -0.1409839485025758 0.1315521235988618 1.0 0.0 0.0 1.0
9.56 0.7689712777392791 -0.12545645543857767 0.13147433480710385 1.0 0.0 0.0 1.0
9.57 0.7704620221799343 -0.10990812973518442 0.1313944363210769 1.0 0.0 0.0 1.0
9.58 0.7716397613146737 -0.09434541781609122 0.13131239799696773 1.0 0.0 0.0 1.0
9.59 0.7725046719068741 -0.07877476448792366 0.1312282052765949 1.0 0.0 0.0 1.0
9.6 0.7730570492209736 -0.06320261107671744 0.13114185743038886 1.0 0.0 0.0 1.0
9.61 0.7732973064994327 -0.04763539197226843 0.13105336806321585 1.0 0.0 0.0 1.0
9.62 0.773225974503889 -0.03207953118218021 0.13096276545555363 1.0 0.0 0.0 1.0
9.63 0.7728437011038735 -0.016541440397653276 0.1308700906606782 1.0 0.0 0.0 1.0
9.64 0.7721512506606788 -0.0010275148934957405 0.13077539866401114 1.0 0.0 0.0 1.0
9.65 0.7711495035838337 0.014455869036131984 0.13067875720692398 1.0 0.0 0.0 1.0
9.66 0.7698394558568621 0.02990235653996903 0.13058024543522237 1.0 0.0 0.0 1.0
9.67 0.7682222183279435 0.04530561838018107 0.1304799549477678 1.0 0.0 0.0 1.0
9.68 0.7662990163251073 0.06065935280865045 0.1303779874585596 1.0 0.0 0.0 1.0
9.69 0.7640711890196897 0.07595728891414175 0.1302744545688786 1.0 0.0 0.0 1.0
9.7 0.7615401887397816 0.09119319006219803 0.130169477627586 1.0 0.0 0.0 1.0
9.71 0.7587075805838945 0.10636085574654991 0.1300631852607182 1.0 0.0 0.0 1.0
9.72 0.7555750415868012 0.12145412552429431 0.1299557139191121 1.0 0.0 0.0 1.0
9.73 0.7521443601411124 0.13646688152968076 0.12984720635788433 1.0 0.0 0.0 1.0
9.74 0.7484174355121186 0.15139305075459147 0.1297378097576277 1.0 0.0 0.0 1.0
9.75 0.7443962768494516 0.1662266090185731 0.12962767635638545 1.0 0.0 0.0 1.0
9.76 0.7400830027584673 0.18096158274043556 0.12951696088306297 1.0 0.0 0.0 1.0
9.77 0.7354798405421709 0.19559205198376686 0.1294058198656354 1.0 0.0 0.0 1.0
9.78 0.7305891252550076 0.21011215370769165 0.12929441134675554 1.0 0.0 0.0 1.0
9.79 0.7254132993051259 0.22451608341022145 0.12918289223108542 1.0 0.0 0.0 1.0
9.8 0.7199549113701497 0.23879809868597754 0.1290714185497443 1.0 0.0 0.0 1.0
9.81 0.7142166156334976 0.25295252154489667 0.1289601440123421 1.0 0.0 0.0 1.0
9.82 0.7082011712385152 0.26697374036869065 0.12884921801043397 1.0 0.0 0.0 1.0
9.83 0.7019114409661471 0.2808562134688953 0.12873878621811133 1.0 0.0 0.0 1.0
9.84 0.695350390698744 0.2945944706419806 0.1286289882563456 1.0 0.0 0.0 1.0
9.85 0.6885210884772169 0.30818311574308704 0.1285199569624404 1.0 0.0 0.0 1.0
9.86 0.6814267032239115 0.3216168295726563 0.12841182432892614 1.0 0.0 0.0 1.0
9.87 0.6740705042582782 0.33489037120656356 0.12830495859249652 1.0 0.0 0.0 1.0
9.88 0.666455859885447 0.3479985809932814 0.12819921944889373 1.0 0.0 0.0 1.0
9.89 0.6585862363696684 0.36093638254779997 0.12809470447985402 1.0 0.0 0.0 1.0
9.9 0.6504651972411111 0.3736987842739136 0.12799149986469763 1.0 0.0 0.0 1.0
9.91 0.6420964015552448 0.3862808823342738 0.12788968137799758 1.0 0.0 0.0 1.0
9.92 0.6334836031647276 0.3986778618991 0.12778931270072835 1.0 0.0 0.0 1.0
9.93 0.6246306495025773 0.41088499912694576 0.12769044508345467 1.0 0.0 0.0 1.0
9.94 0.6155414798865014 0.42289766354456243 0.12759311800781162 1.0 0.0 0.0 1.0
9.95 0.6062201248599003 0.43471131899653986 0.12749735746452293 1.0 0.0 0.0 1.0
9.96 0.596670704364001 0.44632152595627556 0.12740317690329594 1.0 0.0 0.0 1.0
9.97 0.5868974263673007 0.4577239430997817 0.12731057708587748 1.0 0.0 0.0 1.0
9.98 0.5769045859330566 0.4689143283353682 0.12721954506527652 1.0 0.0 0.0 1.0
9.99 0.5666965629811909 0.4798885410724134 0.12713005584944417 1.0 0.0 0.0 1.0
10.0 0.5562778212880277 0.4906425431106729 0.12704207151970118 1.0 0.0 0.0 1.0
