0 2.0 0.0 0.01 1.0 0.0 0.0 1.0
0.01 1.9973797653641872 0.037514388670121974 0.014999289744522524 1.0 0.0 0.0 1.0
0.02 1.9941102660787713 0.07495964462674842 0.014997818581890008 1.0 0.0 0.0 1.0
0.03 1.990193391457806 0.11232156152156844 0.014995715645683836 1.0 0.0 0.0 1.0
0.04 1.9856311485250073 0.14958595687083626 0.014993125138002682 1.0 0.0 0.0 1.0
0.05 1.98042566212756 0.18673868081045353 0.014990163816162545 1.0 0.0 0.0 1.0
0.060000000000000005 1.9745791751049486 0.22376562478995315 0.01498714212343061 1.0 0.0 0.0 1.0
0.06999999999999999 1.9680940490740186 0.26065272863921574 0.014984109292647742 1.0 0.0 0.0 1.0
0.08 1.9609727653153106 0.2973859907772869 0.01498130684105587 1.0 0.0 0.0 1.0
0.09 1.9532179258513978 0.3339514749019318 0.014978914763822883 1.0 0.0 0.0 1.0
0.09999999999999999 1.9448322552302288 0.37033531959161453 0.014977104985714945 1.0 0.0 0.0 1.0
0.11 1.9358186019566852 0.4065237468113715 0.014976022780359855 1.0 0.0 0.0 1.0
0.12 1.9261799407590625 0.4425030693935488 0.014975817741843886 1.0 0.0 0.0 1.0
0.13 1.9159193749111567 0.478259701513841 0.014976626697695027 1.0 0.0 0.0 1.0
0.14 1.9050401384379545 0.5137801653597263 0.014978500163058479 1.0 0.0 0.0 1.0
0.15000000000000002 1.8935455994068418 0.5490511009497758 0.014981523126766276 1.0 0.0 0.0 1.0
0.16 1.8814392623970053 0.5840592747265336 0.014985816264462024 1.0 0.0 0.0 1.0
0.17 1.8687247719459492 0.6187915868863011 0.014991285833608915 1.0 0.0 0.0 1.0
0.18000000000000002 1.8554059161094718 0.6532350819233563 0.014998061269812072 1.0 0.0 0.0 1.0
0.19 1.8414866294164725 0.6873769552476794 0.015006017096337872 1.0 0.0 0.0 1.0
0.2 1.82697099727778 0.7212045623467304 0.01501518243968279 1.0 0.0 0.0 1.0
0.21000000000000002 1.8118632593088102 0.7547054277530942 0.015025543949396624 1.0 0.0 0.0 1.0
0.22 1.7961678132980838 0.7878672514877663 0.015037071927501252 1.0 0.0 0.0 1.0
0.23 1.7798892197644154 0.8206779191357196 0.01504969539030059 1.0 0.0 0.0 1.0
0.24000000000000002 1.7630322051901948 0.8531255085350387 0.015063367890004852 1.0 0.0 0.0 1.0
0.25 1.745601666854846 0.8851982971497986 0.015078237132012496 1.0 0.0 0.0 1.0
0.26 1.72760267688812 0.9168847713427373 0.015094119706712674 1.0 0.0 0.0 1.0
0.27 1.7090404858849235 0.9481736316332506 0.015110962788632804 1.0 0.0 0.0 1.0
0.28 1.6899205279371527 0.9790538009486242 0.015128760337286858 1.0 0.0 0.0 1.0
0.29000000000000004 1.6702484239023114 1.00951443169314 0.015147421777451068 1.0 0.0 0.0 1.0
0.3 1.6500299856702156 1.0395449107816441 0.015166888787977385 1.0 0.0 0.0 1.0
0.31 1.629271220525801 1.0691348675956724 0.015187103642708158 1.0 0.0 0.0 1.0
0.32 1.6079783339491112 1.0982741789691084 0.01520800508472658 1.0 0.0 0.0 1.0
0.33 1.5861577340632003 1.1269529740777913 0.015229535172129039 1.0 0.0 0.0 1.0
0.34 1.5638160349128758 1.155161641210715 0.015251675368757253 1.0 0.0 0.0 1.0
0.35000000000000003 1.540960059087533 1.1828908311354052 0.015274316135720986 1.0 0.0 0.0 1.0
0.36000000000000004 1.5175968416393253 1.2101314615184742 0.015297382422720484 1.0 0.0 0.0 1.0
0.37 1.4937336321995804 1.2368747219415044 0.015320819325029968 1.0 0.0 0.0 1.0
0.38 1.4693778974444485 1.263112076023743 0.01534453087142572 1.0 0.0 0.0 1.0
0.39 1.4445373239063177 1.2888352649345882 0.0153685446439032 1.0 0.0 0.0 1.0
0.4 1.419219818984262 1.314036310483946 0.015392726506305295 1.0 0.0 0.0 1.0
0.41000000000000003 1.3934335130802638 1.3387075161579831 0.015416977778067237 1.0 0.0 0.0 1.0
0.42000000000000004 1.3671867608487405 1.3628414692615656 0.015441305986549126 1.0 0.0 0.0 1.0
0.43 1.3404881413129723 1.3864310423036847 0.015465547614624424 1.0 0.0 0.0 1.0
0.44 1.3133464592931798 1.4094693928212114 0.015489737835937416 1.0 0.0 0.0 1.0
0.45 1.285770744886259 1.4319499639435687 0.015513774774477036 1.0 0.0 0.0 1.0
0.46 1.2577702528697638 1.4538664843223523 0.015537552799419027 1.0 0.0 0.0 1.0
0.47000000000000003 1.2293544630052395 1.475212966602912 0.01556103731423095 1.0 0.0 0.0 1.0
0.48000000000000004 1.2005330777521719 1.4959837064267911 0.015584160489885885 1.0 0.0 0.0 1.0
0.49 1.1713160210498137 1.516173281070082 0.015606849993412275 1.0 0.0 0.0 1.0
0.5 1.1417134371507363 1.5357765465649507 0.015629034330096415 1.0 0.0 0.0 1.0
0.51 1.1117356867165762 1.5547886352690257 0.015650690860580338 1.0 0.0 0.0 1.0
0.52 1.0813933450246003 1.5732049533831922 0.015671744385543196 1.0 0.0 0.0 1.0
0.53 1.050697198992936 1.591021176747948 0.015692121175540218 1.0 0.0 0.0 1.0
0.54 1.0196582420412446 1.60823324733273 0.015711774797261484 1.0 0.0 0.0 1.0
0.55 0.9882876716176799 1.6248373697161131 0.01573061997461889 1.0 0.0 0.0 1.0
0.56 0.9565968842183489 1.6408300057001821 0.015748725355562796 1.0 0.0 0.0 1.0
0.5700000000000001 0.9245974694974642 1.6562078701688636 0.015765915664924007 1.0 0.0 0.0 1.0
0.5800000000000001 0.8923012068898447 1.670967926563666 0.015782196344236835 1.0 0.0 0.0 1.0
0.59 0.8597200586545607 1.6851073806386085 0.01579754764891634 1.0 0.0 0.0 1.0
0.6 0.8268661636665284 1.698623676067462 0.0158118905606031 1.0 0.0 0.0 1.0
0.61 0.7937518328832036 1.7115144890106093 0.01582522166245791 1.0 0.0 0.0 1.0
0.62 0.7603895406630642 1.7237777214574013 0.015837420812604554 1.0 0.0 0.0 1.0
0.63 0.7267919185195963 1.7354114968190244 0.01584875536260181 1.0 0.0 0.0 1.0
0.64 0.6929717492612588 1.7464141538338611 0.015858880281016247 1.0 0.0 0.0 1.0
0.65 0.6589419569846008 1.756784239957728 0.015867788190016417 1.0 0.0 0.0 1.0
0.66 0.6247156008719567 1.7665205070366292 0.01587547731782688 1.0 0.0 0.0 1.0
0.67 0.590305868023067 1.7756219049927617 0.01588247139568181 1.0 0.0 0.0 1.0
0.68 0.555726062527493 1.7840875755970635 0.015888313538407552 1.0 0.0 0.0 1.0
0.6900000000000001 0.5209895994420063 1.7919168483546315 0.01589295152915547 1.0 0.0 0.0 1.0
0.7000000000000001 0.48610999573539543 1.7991092342042474 0.015896422603303872 1.0 0.0 0.0 1.0
0.7100000000000001 0.4511008600861512 1.805664420451396 0.015898819208059405 1.0 0.0 0.0 1.0
0.72 0.41597588614780356 1.8115822664043726 0.015900133952362602 1.0 0.0 0.0 1.0
0.73 0.38074884158756783 1.816862797791625 0.015900431915418168 1.0 0.0 0.0 1.0
0.74 0.3454335597208246 1.8215062029462128 0.015899708182363047 1.0 0.0 0.0 1.0
0.75 0.3100439310185259 1.8255128283376982 0.015898005893959115 1.0 0.0 0.0 1.0
0.76 0.2745938917614483 1.8288831743072664 0.015895345661427272 1.0 0.0 0.0 1.0
0.77 0.23909741696878545 1.8316178920051605 0.015891781020191002 1.0 0.0 0.0 1.0
0.78 0.20356850937842577 1.8337177794337407 0.01588737495740152 1.0 0.0 0.0 1.0
0.79 0.16802119022321219 1.8351837787309124 0.015882195117908945 1.0 0.0 0.0 1.0
0.8 0.13246949101848846 1.83601697345955 0.015876311934839963 1.0 0.0 0.0 1.0
0.81 0.09692744190280549 1.8362185859178648 0.015869801176290027 1.0 0.0 0.0 1.0
0.8200000000000001 0.061409064326868774 1.8357899754570637 0.0158627406718935 1.0 0.0 0.0 1.0
0.8300000000000001 0.025928360633541443 1.8347326365206416 0.015855211350421183 1.0 0.0 0.0 1.0
0.8400000000000001 -0.009500695764012294 1.8330481972719317 0.015847297323516384 1.0 0.0 0.0 1.0
0.85 -0.04486416794587236 1.830738418679273 0.01583908336195592 1.0 0.0 0.0 1.0
0.86 -0.08014816692494542 1.8278051936285955 0.015830657109146225 1.0 0.0 0.0 1.0
0.87 -0.11533885905396449 1.824250546581853 0.015822106634549377 1.0 0.0 0.0 1.0
0.88 -0.15042247537435577 1.8200766335555436 0.01581352028046576 1.0 0.0 0.0 1.0
0.89 -0.1853853216671491 1.8152857421826039 0.01580498753358452 1.0 0.0 0.0 1.0
0.9 -0.2202137851998351 1.8098802922963495 0.015796596321610765 1.0 0.0 0.0 1.0
0.91 -0.2548943454159491 1.8038628367774694 0.015788434567130458 1.0 0.0 0.0 1.0
0.92 -0.28941358129025585 1.7972360623548944 0.015780588769644048 1.0 0.0 0.0 1.0
0.93 -0.3237581793372324 1.7900027911457643 0.015773163153402204 1.0 0.0 0.0 1.0
0.9400000000000001 -0.3579149434088029 1.782165982018343 0.015766274050004157 1.0 0.0 0.0 1.0
0.9500000000000001 -0.39187080061278895 1.773728732213 0.015760024906083137 1.0 0.0 0.0 1.0
0.9600000000000001 -0.42561281077130436 1.764694279565342 0.01575446909429213 1.0 0.0 0.0 1.0
0.97 -0.4591281735213834 1.7550660041329238 0.015749777581038172 1.0 0.0 0.0 1.0
0.98 -0.4924042349080345 1.744847430754019 0.01574591541081352 1.0 0.0 0.0 1.0
0.99 -0.5254284963657258 1.7340422313346397 0.015742918959867295 1.0 0.0 0.0 1.0
1.0 -0.5581886198751895 1.7226542270205785 0.015740845076541825 1.0 0.0 0.0 1.0
1.01 -0.5906724357960138 1.7106873912322331 0.015740329133169768 1.0 0.0 0.0 1.0
1.02 -0.622867949499507 1.698145851729817 0.015740952561899852 1.0 0.0 0.0 1.0
1.03 -0.6547633464605875 1.6850338935781006 0.015742657371888916 1.0 0.0 0.0 1.0
1.04 -0.6863470000177598 1.671355961869932 0.01574547584450317 1.0 0.0 0.0 1.0
1.05 -0.7176074758049166 1.6571166639389108 0.015749644752894115 1.0 0.0 0.0 1.0
1.06 -0.7485335375027086 1.6423207726003115 0.015755187444937133 1.0 0.0 0.0 1.0
1.07 -0.7791141530533622 1.6269732282839582 0.015761909809435565 1.0 0.0 0.0 1.0
1.08 -0.8093384980597712 1.6110791416794008 0.015770045807595934 1.0 0.0 0.0 1.0
1.09 -0.839195961799826 1.5946437965388307 0.015779411110790963 1.0 0.0 0.0 1.0
1.1 -0.8686761513302471 1.5776726513844752 0.015790108942302965 1.0 0.0 0.0 1.0
1.11 -0.8977688947112281 1.5601713423874621 0.015802044780743596 1.0 0.0 0.0 1.0
1.12 -0.9264642463447563 1.5421456852741515 0.015815212568617204 1.0 0.0 0.0 1.0
1.1300000000000001 -0.9547524894589487 1.523601676983951 0.015829544267954652 1.0 0.0 0.0 1.0
1.1400000000000001 -0.9826241392146557 1.5045454981462163 0.015845116698474552 1.0 0.0 0.0 1.0
1.1500000000000001 -1.010069946776726 1.484983514133583 0.015861697636053024 1.0 0.0 0.0 1.0
1.1600000000000001 -1.0370809006996085 1.4649222767240444 0.01587937467619593 1.0 0.0 0.0 1.0
1.17 -1.06364822972799 1.4443685257008492 0.01589795658109839 1.0 0.0 0.0 1.0
1.18 -1.0897634053908725 1.423329189224353 0.015917502645745648 1.0 0.0 0.0 1.0
1.19 -1.1154181426350684 1.4018113853452399 0.015937849425501197 1.0 0.0 0.0 1.0
1.2 -1.1406044019780128 1.3798224224365119 0.01595890614140747 1.0 0.0 0.0 1.0
1.21 -1.16531439082239 1.3573697991279037 0.015980712954678206 1.0 0.0 0.0 1.0
1.22 -1.1895405633806277 1.33446120534687 0.016003079214356317 1.0 0.0 0.0 1.0
1.23 -1.213275621999792 1.3111045215418315 0.016025929885589957 1.0 0.0 0.0 1.0
1.24 -1.2365125174032074 1.2873078183245543 0.016049188443719574 1.0 0.0 0.0 1.0
1.25 -1.259244447913239 1.2630793567242942 0.016072833595836354 1.0 0.0 0.0 1.0
1.26 -1.2814648598792062 1.2384275863113408 0.01609672391070785 1.0 0.0 0.0 1.0
1.27 -1.3031674469986907 1.2133611446036316 0.016120772511933945 1.0 0.0 0.0 1.0
1.28 -1.3243461488694919 1.1878888562558627 0.016144897874872655 1.0 0.0 0.0 1.0
1.29 -1.3449951505444357 1.162019730316037 0.016169019540768964 1.0 0.0 0.0 1.0
1.3 -1.3651088810498693 1.1357629593580476 0.016193057075122766 1.0 0.0 0.0 1.0
1.31 -1.3846820112816884 1.1091279173971251 0.016216930551885778 1.0 0.0 0.0 1.0
1.32 -1.4037094528399068 1.0821241565893982 0.016240562344608123 1.0 0.0 0.0 1.0
1.33 -1.422186355792565 1.0547614059534816 0.01626387559636994 1.0 0.0 0.0 1.0
1.34 -1.4401081059827228 1.027049567935418 0.016286795634163714 1.0 0.0 0.0 1.0
1.35 -1.4574703233251234 0.9989987148485284 0.016309250961909893 1.0 0.0 0.0 1.0
1.36 -1.474268858851987 0.9706190869898486 0.016331171606834442 1.0 0.0 0.0 1.0
1.37 -1.490499791565398 0.9419210879255552 0.016352491377972435 1.0 0.0 0.0 1.0
1.3800000000000001 -1.5061594263349385 0.91291528088485 0.016373157361610245 1.0 0.0 0.0 1.0
1.3900000000000001 -1.5212442903169292 0.8836123860833444 0.016393154587137627 1.0 0.0 0.0 1.0
1.4000000000000001 -1.5357511295214337 0.8540232749209693 0.016412379429081185 1.0 0.0 0.0 1.0
1.4100000000000001 -1.549676906376846 0.8241589664152771 0.016430780264409067 1.0 0.0 0.0 1.0
1.42 -1.563018795726595 0.7940306236244979 0.016448308521074633 1.0 0.0 0.0 1.0
1.43 -1.5757741812400314 0.7636495469892912 0.01646492180862657 1.0 0.0 0.0 1.0
1.44 -1.587940652715662 0.7330271708388404 0.01648060331427094 1.0 0.0 0.0 1.0
1.45 -1.599516001863431 0.7021750587786568 0.016495365138070275 1.0 0.0 0.0 1.0
1.46 -1.610498218714653 0.6711048965302036 0.016509114003162764 1.0 0.0 0.0 1.0
1.47 -1.6208854887565762 0.6398284884702331 0.016521825412910925 1.0 0.0 0.0 1.0
1.48 -1.6306761886237395 0.6083577517879336 0.016533479667088794 1.0 0.0 0.0 1.0
1.49 -1.6398688827606667 0.5767047093385668 0.016544081462495495 1.0 0.0 0.0 1.0
1.5 -1.6484623204008253 0.5448814859731715 0.016553682567770945 1.0 0.0 0.0 1.0
1.51 -1.6564554313746598 0.5129003014829053 0.01656220041911225 1.0 0.0 0.0 1.0
1.52 -1.663847323166869 0.48077346382974506 0.016569637271374466 1.0 0.0 0.0 1.0
1.53 -1.6706372778084133 0.44851336500876615 0.016575998876078985 1.0 0.0 0.0 1.0
1.54 -1.6768247480228184 0.41613247295443545 0.016581320889293885 1.0 0.0 0.0 1.0
1.55 -1.6824093547348835 0.3836433254139443 0.016585645592927013 1.0 0.0 0.0 1.0
1.56 -1.687390883935018 0.35105852479729466 0.016588943147354214 1.0 0.0 0.0 1.0
1.57 -1.6917692835190772 0.31839072973286126 0.016591240791399203 1.0 0.0 0.0 1.0
1.58 -1.6955446610474696 0.2856526496259958 0.016592570026723347 1.0 0.0 0.0 1.0
1.59 -1.6987172808830262 0.2528570378946756 0.016592966718299688 1.0 0.0 0.0 1.0
1.6 -1.701287561796591 0.22001668396210297 0.016592472419887264 1.0 0.0 0.0 1.0
1.61 -1.7032560749763925 0.18714440815457056 0.016591131685952613 1.0 0.0 0.0 1.0
1.62 -1.7046235416194364 0.1542530530015187 0.016589009601017248 1.0 0.0 0.0 1.0
1.6300000000000001 -1.70539083134533 0.12135547705390617 0.016586186986674537 1.0 0.0 0.0 1.0
1.6400000000000001 -1.7055589604249755 0.08846454822652802 0.016582667387116737 1.0 0.0 0.0 1.0
1.6500000000000001 -1.7051290901469485 0.05559313506335538 0.016578511505365358 1.0 0.0 0.0 1.0
1.6600000000000001 -1.7041025257604385 0.022754101487691657 0.01657378194618419 1.0 0.0 0.0 1.0
1.6700000000000002 -1.7024807151688786 -0.010039702001829494 0.016568544951449604 1.0 0.0 0.0 1.0
1.68 -1.700265248093363 -0.042775445150834895 0.01656286943086744 1.0 0.0 0.0 1.0
1.69 -1.6974578554619697 -0.07544032443050995 0.016556825573833957 1.0 0.0 0.0 1.0
1.7 -1.6940604087374462 -0.10802157222279136 0.01655048673162992 1.0 0.0 0.0 1.0
1.71 -1.690074919745576 -0.14050646225741298 0.016543926724534006 1.0 0.0 0.0 1.0
1.72 -1.6855035405795302 -0.17288231825189804 0.016537220842647214 1.0 0.0 0.0 1.0
1.73 -1.6803485635437003 -0.20513652127523527 0.016530445524952336 1.0 0.0 0.0 1.0
1.74 -1.6746124216361389 -0.23725651599258377 0.016523720781201134 1.0 0.0 0.0 1.0
1.75 -1.668297688894472 -0.2692298199724545 0.016517118545202603 1.0 0.0 0.0 1.0
1.76 -1.6614070809938601 -0.30104402932784174 0.016510686902508988 1.0 0.0 0.0 1.0
1.77 -1.6539434562874862 -0.33268682690178636 0.016504500158429986 1.0 0.0 0.0 1.0
1.78 -1.6459098164938408 -0.3641459900444067 0.016498631864287832 1.0 0.0 0.0 1.0
1.79 -1.6373093080645134 -0.39540939645933454 0.016493152753658747 1.0 0.0 0.0 1.0
1.8 -1.628145223462333 -0.4264650333311362 0.016488132094498127 1.0 0.0 0.0 1.0
1.81 -1.6184210023476857 -0.4573010030778299 0.016483668061301908 1.0 0.0 0.0 1.0
1.82 -1.608140233517443 -0.4879055307821691 0.016479854322994984 1.0 0.0 0.0 1.0
1.83 -1.5973066562098668 -0.518266972154154 0.016476693456276024 1.0 0.0 0.0 1.0
1.84 -1.5859241620304594 -0.5483738187659198 0.01647424050098588 1.0 0.0 0.0 1.0
1.85 -1.573996796964973 -0.5782147066366801 0.01647259085665084 1.0 0.0 0.0 1.0
1.86 -1.5615287628706245 -0.6077784219965074 0.01647183587692447 1.0 0.0 0.0 1.0
1.87 -1.548524419968077 -0.6370539074649215 0.01647193186692643 1.0 0.0 0.0 1.0
1.8800000000000001 -1.5349882885702726 -0.6660302700315438 0.016472915006204812 1.0 0.0 0.0 1.0
1.8900000000000001 -1.5209250510870929 -0.694696785488307 0.016474891759405023 1.0 0.0 0.0 1.0
1.9000000000000001 -1.5063395545219227 -0.7230429057305023 0.016477874417429653 1.0 0.0 0.0 1.0
1.9100000000000001 -1.491236811929957 -0.7510582646578927 0.016481819252111965 1.0 0.0 0.0 1.0
1.9200000000000002 -1.4756220049793256 -0.7787326827107536 0.016486737969420472 1.0 0.0 0.0 1.0
1.93 -1.4595004858710792 -0.8060561740492634 0.016492770533246326 1.0 0.0 0.0 1.0
1.94 -1.442877778915286 -0.8330189506563102 0.01649978846731804 1.0 0.0 0.0 1.0
1.95 -1.4257595830796512 -0.8596114272274276 0.016507801158616664 1.0 0.0 0.0 1.0
1.96 -1.4081517732607238 -0.8858242272188317 0.016516794953624875 1.0 0.0 0.0 1.0
1.97 -1.3900604021222354 -0.9116481857877046 0.016526778681062247 1.0 0.0 0.0 1.0
1.98 -1.3714917020513602 -0.9370743548695702 0.016537703001076376 1.0 0.0 0.0 1.0
1.99 -1.3524520859147577 -0.9620940073956834 0.016549519908821215 1.0 0.0 0.0 1.0
2.0 -1.3329481490239794 -0.9866986397478948 0.01656222440880729 1.0 0.0 0.0 1.0
2.01 -1.3129866700659274 -1.0108799762964653 0.01657572183367092 1.0 0.0 0.0 1.0
2.02 -1.2925746116339496 -1.0346299720064793 0.016589992590552702 1.0 0.0 0.0 1.0
2.03 -1.2717191218367974 -1.0579408144168239 0.016604995018929217 1.0 0.0 0.0 1.0
2.04 -1.2504275341398796 -1.080804927186671 0.016620624724302743 1.0 0.0 0.0 1.0
2.05 -1.2287073678058251 -1.1032149713817208 0.016636819020354153 1.0 0.0 0.0 1.0
2.0599999999999996 -1.2065663286171886 -1.1251638468864948 0.016653510629057688 1.0 0.0 0.0 1.0
2.07 -1.1840123078047629 -1.1466446946733377 0.01667062968683116 1.0 0.0 0.0 1.0
2.0799999999999996 -1.1610533823226663 -1.1676508970282373 0.01668814495299001 1.0 0.0 0.0 1.0
2.09 -1.1376978142783885 -1.188176078241914 0.01670596216291706 1.0 0.0 0.0 1.0
2.0999999999999996 -1.1139540492343716 -1.208214105583223 0.01672397129285899 1.0 0.0 0.0 1.0
2.11 -1.0898307160686622 -1.2277590885921412 0.016742092648938705 1.0 0.0 0.0 1.0
2.1199999999999997 -1.065336624904577 -1.2468053789149816 0.016760245675386237 1.0 0.0 0.0 1.0
2.13 -1.0404807650761005 -1.2653475701621009 0.01677834989209559 1.0 0.0 0.0 1.0
2.1399999999999997 -1.0152723042115583 -1.2833804962784845 0.016796323698853637 1.0 0.0 0.0 1.0
2.15 -0.9897205847094397 -1.3008992305319493 0.016814086702934522 1.0 0.0 0.0 1.0
2.1599999999999997 -0.9638351215246228 -1.3178990844054674 0.016831559585771816 1.0 0.0 0.0 1.0
2.17 -0.9376256001422428 -1.3343756051360876 0.016848663320778806 1.0 0.0 0.0 1.0
2.1799999999999997 -0.9111018718252717 -1.350324573923278 0.01686532199773248 1.0 0.0 0.0 1.0
2.19 -0.8842739512890871 -1.365742003997466 0.0168814615126199 1.0 0.0 0.0 1.0
2.1999999999999997 -0.8571520131750554 -1.3806241374330388 0.016897009781545576 1.0 0.0 0.0 1.0
2.21 -0.8297463866005842 -1.394967442780515 0.01691189925215366 1.0 0.0 0.0 1.0
2.2199999999999998 -0.8020675525381942 -1.4087686123967418 0.016926064753757557 1.0 0.0 0.0 1.0
2.23 -0.77412613856631 -1.4220245586627362 0.01693944507960075 1.0 0.0 0.0 1.0
2.2399999999999998 -0.7459329133294994 -1.4347324113401243 0.01695198428649635 1.0 0.0 0.0 1.0
2.25 -0.7174987832295687 -1.44688951417718 0.016963629437457477 1.0 0.0 0.0 1.0
2.26 -0.6888347855973451 -1.4584934208060227 0.01697438550341271 1.0 0.0 0.0 1.0
2.27 -0.6599520834251804 -1.4695418919946046 0.016984172357429595 1.0 0.0 0.0 1.0
2.28 -0.6308619610186138 -1.4800328916531327 0.01699294128450671 1.0 0.0 0.0 1.0
2.29 -0.6015758159962104 -1.4899645827259815 0.01700066078037924 1.0 0.0 0.0 1.0
2.3 -0.5721051543319458 -1.4993353243460061 0.017007304581358514 1.0 0.0 0.0 1.0
2.31 -0.542461584847505 -1.508143667582127 0.017012850873379247 1.0 0.0 0.0 1.0
2.32 -0.5126568104699549 -1.516388351500479 0.017017285765906248 1.0 0.0 0.0 1.0
2.3299999999999996 -0.4827026235831734 -1.5240683002943851 0.01702060013752497 1.0 0.0 0.0 1.0
2.34 -0.4526108990932462 -1.531182619013166 0.017022790227478726 1.0 0.0 0.0 1.0
2.3499999999999996 -0.4223935857294455 -1.5377305900576954 0.01702388864246459 1.0 0.0 0.0 1.0
2.36 -0.39206270137679305 -1.5437116702957159 0.01702388799336809 1.0 0.0 0.0 1.0
2.3699999999999997 -0.36163032467847606 -1.5491254870152278 0.01702278848662848 1.0 0.0 0.0 1.0
2.38 -0.3311085871598691 -1.5539718350616714 0.01702061123791803 1.0 0.0 0.0 1.0
2.3899999999999997 -0.3005096678034495 -1.5582506738924102 0.01701738143535448 1.0 0.0 0.0 1.0
2.4 -0.2698457837944886 -1.561962124167464 0.01701313103308945 1.0 0.0 0.0 1.0
2.4099999999999997 -0.2391291839725549 -1.5651064654170603 0.017007897051497953 1.0 0.0 0.0 1.0
2.42 -0.208372141712343 -1.5676841332076057 0.01700173025084434 1.0 0.0 0.0 1.0
2.4299999999999997 -0.1775869459823239 -1.5696957166169783 0.016994677415952526 1.0 0.0 0.0 1.0
2.44 -0.14678589567373349 -1.5711419562563875 0.016986778420690747 1.0 0.0 0.0 1.0
2.4499999999999997 -0.11598129039886487 -1.5720237418498515 0.016978089559795247 1.0 0.0 0.0 1.0
2.46 -0.08518542374423281 -1.5723421106201452 0.01696867102269944 1.0 0.0 0.0 1.0
2.4699999999999998 -0.05441057615019447 -1.5720982455336234 0.016958586119103107 1.0 0.0 0.0 1.0
2.48 -0.02366900595529923 -1.5712934736935609 0.016947902844163743 1.0 0.0 0.0 1.0
2.4899999999999998 0.007027056200803108 -1.5699292652781311 0.016936691002570215 1.0 0.0 0.0 1.0
2.5 0.03766541641510004 -1.5680072322525018 0.016925023989774038 1.0 0.0 0.0 1.0
2.51 0.06823392414076081 -1.5655291275666272 0.016912977395533227 1.0 0.0 0.0 1.0
2.52 0.09872047903317674 -1.562496844516494 0.016900628022440058 1.0 0.0 0.0 1.0
2.53 0.12911303961991985 -1.558912416075465 0.016888055303300384 1.0 0.0 0.0 1.0
2.54 0.15939962861166407 -1.5547780147238477 0.01687534904722375 1.0 0.0 0.0 1.0
2.55 0.18956834147117824 -1.5500959522373867 0.016862596010841637 1.0 0.0 0.0 1.0
2.56 0.21960735268852236 -1.544868679627946 0.016849864624701633 1.0 0.0 0.0 1.0
2.57 0.24950492211360517 -1.5390987875001778 0.01683723475194917 1.0 0.0 0.0 1.0
2.5799999999999996 0.27924940307949353 -1.5327890061822984 0.01682478655457066 1.0 0.0 0.0 1.0
2.59 0.30882924723553296 -1.525942206298392 0.016812598086433254 1.0 0.0 0.0 1.0
2.5999999999999996 0.3382330123966192 -1.5185613994197407 0.016800791275709406 1.0 0.0 0.0 1.0
2.61 0.36744936831840225 -1.510649738559962 0.016789417105674644 1.0 0.0 0.0 1.0
2.6199999999999997 0.3964671022022308 -1.5022105192872277 0.01677853110438679 1.0 0.0 0.0 1.0
2.63 0.4252751262116008 -1.493247180407476 0.016768203019810954 1.0 0.0 0.0 1.0
2.6399999999999997 0.45386248159856296 -1.4837633049994592 0.016758498622264043 1.0 0.0 0.0 1.0
2.65 0.482218345480294 -1.473762621670955 0.01674952709634163 1.0 0.0 0.0 1.0
2.6599999999999997 0.5103320362597593 -1.4632490052971403 0.016741397878162326 1.0 0.0 0.0 1.0
2.67 0.5381930178752079 -1.45222647856877 0.016734072437630435 1.0 0.0 0.0 1.0
2.6799999999999997 0.5657909065470668 -1.440699212985603 0.016727599987360415 1.0 0.0 0.0 1.0
2.69 0.59311547438977 -1.4286715299249044 0.016722024639007592 1.0 0.0 0.0 1.0
2.6999999999999997 0.6201566543778485 -1.4161479022413852 0.016717384896461497 1.0 0.0 0.0 1.0
2.71 0.6469045457771668 -1.4031329549850606 0.016713714737803344 1.0 0.0 0.0 1.0
2.7199999999999998 0.6733494169715768 -1.3896314668699299 0.016711180297389314 1.0 0.0 0.0 1.0
2.73 0.6994817108053091 -1.3756483714587384 0.016709800702649047 1.0 0.0 0.0 1.0
2.7399999999999998 0.7252920482336278 -1.3611887578077109 0.01670945965446244 1.0 0.0 0.0 1.0
2.75 0.7507712311069821 -1.3462578720824663 0.016710166427409936 1.0 0.0 0.0 1.0
2.76 0.7759102470964218 -1.3308611181047103 0.016711925050298056 1.0 0.0 0.0 1.0
2.77 0.8007002719437843 -1.3150040581570588 0.016714733739508953 1.0 0.0 0.0 1.0
2.78 0.8251326723599874 -1.298692414249147 0.016718617902293953 1.0 0.0 0.0 1.0
2.79 0.8491990099268504 -1.2819320681440107 0.016723663559614105 1.0 0.0 0.0 1.0
2.8 0.8728910424441954 -1.264729062311585 0.016729716027637655 1.0 0.0 0.0 1.0
2.81 0.8962007268298944 -1.2470896004629137 0.016736755369230746 1.0 0.0 0.0 1.0
2.82 0.9191202217220615 -1.2290200472675683 0.0167447695910626 1.0 0.0 0.0 1.0
2.8299999999999996 0.9416418883208825 -1.2105269292592902 0.016753698447309326 1.0 0.0 0.0 1.0
2.84 0.9637582929558866 -1.1916169344427692 0.016763501399392856 1.0 0.0 0.0 1.0
2.8499999999999996 0.985462208532057 -1.1722969119163664 0.01677413389904498 1.0 0.0 0.0 1.0
2.86 1.0067466149822004 -1.1525738723958436 0.016785603333162098 1.0 0.0 0.0 1.0
2.8699999999999997 1.027604701272664 -1.1324549869246527 0.0167979398099375 1.0 0.0 0.0 1.0
2.88 1.0480298658725329 -1.1119475865171622 0.016810936903962362 1.0 0.0 0.0 1.0
2.8899999999999997 1.068015716897677 -1.091059161926962 0.016824533609578262 1.0 0.0 0.0 1.0
2.9 1.087556073385471 -1.0697973616849787 0.01683866699701624 1.0 0.0 0.0 1.0
2.9099999999999997 1.1066449649700474 -1.0481699917342733 0.016853271307779957 1.0 0.0 0.0 1.0
2.92 1.12527663174604 -1.0261850141194215 0.01686827833074059 1.0 0.0 0.0 1.0
2.9299999999999997 1.1434455247670456 -1.003850544707492 0.016883619079181036 1.0 0.0 0.0 1.0
2.94 1.161146305077176 -0.9811748525977355 0.016899246722017782 1.0 0.0 0.0 1.0
2.9499999999999997 1.1783738432690278 -0.958166357616598 0.016915063256990968 1.0 0.0 0.0 1.0
2.96 1.195123219284552 -0.9348336280225982 0.016930996640113723 1.0 0.0 0.0 1.0
2.9699999999999998 1.2113897209026183 -0.9111853793829199 0.016946974103505874 1.0 0.0 0.0 1.0
2.98 1.2271688429957084 -0.8872304709887322 0.01696292395318872 1.0 0.0 0.0 1.0
2.9899999999999998 1.2424562866981068 -0.8629779036784432 0.0169787753447683 1.0 0.0 0.0 1.0
3.0 1.2572479575102344 -0.8384368179087386 0.016994457448269065 1.0 0.0 0.0 1.0
3.01 1.2715399642346785 -0.8136164893414254 0.017009902050020145 1.0 0.0 0.0 1.0
3.02 1.2853286176073917 -0.788526326833585 0.017025042251544706 1.0 0.0 0.0 1.0
3.03 1.298610428139873 -0.7631758693398019 0.017039812630060623 1.0 0.0 0.0 1.0
3.04 1.311382104797334 -0.7375747812032736 0.017054151433291143 1.0 0.0 0.0 1.0
3.05 1.3236405531646416 -0.7117328500865038 0.01706799860707349 1.0 0.0 0.0 1.0
3.06 1.3353828731238233 -0.6856599825374908 0.017081297206668934 1.0 0.0 0.0 1.0
3.07 1.3466063573904248 -0.6593661994953661 0.017093994440814168 1.0 0.0 0.0 1.0
3.08 1.3573084892614207 -0.6328616337724726 0.017106039700342395 1.0 0.0 0.0 1.0
3.09 1.367486940272297 -0.6061565244428323 0.017117386975262095 1.0 0.0 0.0 1.0
3.0999999999999996 1.3771395686283965 -0.579261212794082 0.017127994470305875 1.0 0.0 0.0 1.0
3.11 1.3862644166738125 -0.552186139036609 0.01713782318949415 1.0 0.0 0.0 1.0
3.1199999999999997 1.394859708643468 -0.5249418358627604 0.01714683983644554 1.0 0.0 0.0 1.0
3.13 1.4029238489688522 -0.4975389248186615 0.017155015166448476 1.0 0.0 0.0 1.0
3.1399999999999997 1.4104554197052777 -0.46998811204315716 0.017162323430213247 1.0 0.0 0.0 1.0
3.15 1.4174531784053996 -0.4423001814125513 0.01716874518861437 1.0 0.0 0.0 1.0
3.1599999999999997 1.4239160563685826 -0.41448599125179286 0.0171742646420991 1.0 0.0 0.0 1.0
3.17 1.429843156124104 -0.38655646875391186 0.017178870463787507 1.0 0.0 0.0 1.0
3.1799999999999997 1.4352337495711025 -0.3585226034551514 0.01718255747682721 1.0 0.0 0.0 1.0
3.19 1.4400872761682633 -0.33039544381503805 0.017185323792234874 1.0 0.0 0.0 1.0
3.1999999999999997 1.4444033406205399 -0.3021860903852008 0.01718717290350809 1.0 0.0 0.0 1.0
3.21 1.448181711339107 -0.27390569011407073 0.017188121729523963 1.0 0.0 0.0 1.0
3.2199999999999998 1.451422318591115 -0.24556543205838466 0.017188178315818155 1.0 0.0 0.0 1.0
3.23 1.4541252526156545 -0.21717654001039113 0.017187356110483356 1.0 0.0 0.0 1.0
3.2399999999999998 1.4562907622683727 -0.1887502677572389 0.017185676863425967 1.0 0.0 0.0 1.0
3.25 1.4579192533272105 -0.1602978931123741 0.017183166418375473 1.0 0.0 0.0 1.0
3.26 1.4590112870840855 -0.13183071112835765 0.01717985567348372 1.0 0.0 0.0 1.0
3.27 1.4595675791488347 -0.10336002956692776 0.017175778399892525 1.0 0.0 0.0 1.0
3.28 1.4595889980381278 -0.07489716127409374 0.01717097325603198 1.0 0.0 0.0 1.0
3.29 1.4590765642515882 -0.04645341918373944 0.01716548201552072 1.0 0.0 0.0 1.0
3.3 1.4580314492169397 -0.01804011001677882 0.01715934961537026 1.0 0.0 0.0 1.0
3.31 1.456454974346555 0.010331472701979134 0.017152624973970913 1.0 0.0 0.0 1.0
3.32 1.4543486104394163 0.03865005338129476 0.017145358777908872 1.0 0.0 0.0 1.0
3.33 1.451713976875011 0.06690438220304647 0.01713760532635996 1.0 0.0 0.0 1.0
3.34 1.4485528411785926 0.09508324021081237 0.017129420742443564 1.0 0.0 0.0 1.0
3.3499999999999996 1.4448671186576554 0.12317544579373486 0.01712086291306643 1.0 0.0 0.0 1.0
3.36 1.4406588719515352 0.1511698617074431 0.017111992189970303 1.0 0.0 0.0 1.0
3.3699999999999997 1.4359303110504225 0.17905539989636665 0.017102869204911195 1.0 0.0 0.0 1.0
3.38 1.430683793086464 0.20682102935876512 0.01709355650404083 1.0 0.0 0.0 1.0
3.3899999999999997 1.4249218223758937 0.23445578119796748 0.017084116840069864 1.0 0.0 0.0 1.0
3.4 1.4186470507060278 0.2619487551122937 0.01707461298856248 1.0 0.0 0.0 1.0
3.4099999999999997 1.4118622773235485 0.2892891262799423 0.017065108381688506 1.0 0.0 0.0 1.0
3.42 1.4045704495108922 0.3164661500997906 0.017055664991057384 1.0 0.0 0.0 1.0
3.4299999999999997 1.3967746628723927 0.34346916989173787 0.017046344774740513 1.0 0.0 0.0 1.0
3.44 1.3884781617605988 0.3702876217658008 0.017037224987250403 1.0 0.0 0.0 1.0
3.4499999999999997 1.3796843400984555 0.396911040811629 0.017028350198921176 1.0 0.0 0.0 1.0
3.46 1.3703967416618312 0.42332906782479474 0.017019776324969472 1.0 0.0 0.0 1.0
3.4699999999999998 1.3606190610586428 0.4495314536292507 0.017011557403268544 1.0 0.0 0.0 1.0
3.48 1.3503551443794566 0.47550806637021803 0.017003745443029003 1.0 0.0 0.0 1.0
3.4899999999999998 1.3396089897740975 0.5012488962482223 0.016996389477470585 1.0 0.0 0.0 1.0
3.5 1.3283847486580345 0.5267440607830456 0.016989534563927156 1.0 0.0 0.0 1.0
3.51 1.3166867261064037 0.5519838114981127 0.01698322310157277 1.0 0.0 0.0 1.0
3.52 1.304519381921706 0.5769585375655968 0.016977492875630197 1.0 0.0 0.0 1.0
3.53 1.2918873315489632 0.6016587721465161 0.01697237770259239 1.0 0.0 0.0 1.0
3.54 1.2787953464735493 0.62607519719007 0.016967907541268028 1.0 0.0 0.0 1.0
3.55 1.2652483555746863 0.6501986473396119 0.016964206277956455 1.0 0.0 0.0 1.0
3.56 1.2512514454720518 0.6740201161565901 0.01696124856123557 1.0 0.0 0.0 1.0
3.57 1.2368098612460767 0.6975307593837179 0.01695899770107119 1.0 0.0 0.0 1.0
3.58 1.2219290074986846 0.7207218994605545 0.016957462998484416 1.0 0.0 0.0 1.0
3.59 1.2066144483145305 0.7435850305522073 0.016956649563678483 1.0 0.0 0.0 1.0
3.5999999999999996 1.19087190827654 0.7661118210912709 0.016956556694757752 1.0 0.0 0.0 1.0
3.61 1.1747072727749357 0.788294118582937 0.016957178695422834 1.0 0.0 0.0 1.0
3.6199999999999997 1.1581265879048455 0.8101239529910959 0.016958505366642763 1.0 0.0 0.0 1.0
3.63 1.141136061416522 0.8315935391808206 0.016960523567520796 1.0 0.0 0.0 1.0
3.6399999999999997 1.1237420621430179 0.8526952812813131 0.016963221287827072 1.0 0.0 0.0 1.0
3.65 1.1059511200804621 0.8734217747346319 0.01696656166383757 1.0 0.0 0.0 1.0
3.6599999999999997 1.0877699266889387 0.8937658087438559 0.016970530829583712 1.0 0.0 0.0 1.0
3.67 1.0692053337073633 0.9137203696372702 0.01697508984290204 1.0 0.0 0.0 1.0
3.6799999999999997 1.0502643533506588 0.9332786419886754 0.016980188199506273 1.0 0.0 0.0 1.0
3.69 1.0309541574912366 0.9524340109909585 0.016985786098206546 1.0 0.0 0.0 1.0
3.6999999999999997 1.0112820762925734 0.9711800645015527 0.016991833429043993 1.0 0.0 0.0 1.0
3.71 0.9912555981327249 0.9895105936355137 0.016998280203964683 1.0 0.0 0.0 1.0
3.7199999999999998 0.9708823675672971 1.0074195947226667 0.01700507398626678 1.0 0.0 0.0 1.0
3.73 0.9501701840722523 1.0249012701632576 0.017012159970675695 1.0 0.0 0.0 1.0
3.7399999999999998 0.929127001159241 1.0419500286386334 0.01701948017154775 1.0 0.0 0.0 1.0
3.75 0.9077609234008904 1.0585604863961553 0.017026975722287993 1.0 0.0 0.0 1.0
3.76 0.8860802053327312 1.07472746711715 0.01703458581754894 1.0 0.0 0.0 1.0
3.77 0.8640932491633312 1.0904460018413795 0.017042248222037513 1.0 0.0 0.0 1.0
3.78 0.8418086015519893 1.1057113294135263 0.017049900951011245 1.0 0.0 0.0 1.0
3.79 0.8192349522258832 1.1205188956050511 0.017057480743599203 1.0 0.0 0.0 1.0
3.8 0.7963811301685774 1.134864352721446 0.017064924958170833 1.0 0.0 0.0 1.0
3.81 0.773256100641905 1.1487435592575324 0.017072171880464962 1.0 0.0 0.0 1.0
3.82 0.7498689629258275 1.1621525784474063 0.017079159614068695 1.0 0.0 0.0 1.0
3.83 0.7262289453634323 1.1750876775412233 0.017085828728653975 1.0 0.0 0.0 1.0
3.84 0.7023454027114637 1.1875453267365934 0.017092121098113422 1.0 0.0 0.0 1.0
3.8499999999999996 0.6782278124690652 1.199522197377435 0.017097980013817855 1.0 0.0 0.0 1.0
3.86 0.6538857695275875 1.211015160883884 0.017103352443164344 1.0 0.0 0.0 1.0
3.8699999999999997 0.629328983529448 1.2220212870809286 0.01710818695240767 1.0 0.0 0.0 1.0
3.88 0.6045672734698007 1.2325378421761641 0.017112435522439403 1.0 0.0 0.0 1.0
3.8899999999999997 0.5796105628369087 1.2425622874537652 0.01711605412138825 1.0 0.0 0.0 1.0
3.9 0.5544688762118671 1.2520922770719631 0.017119000971552736 1.0 0.0 0.0 1.0
3.9099999999999997 0.5291523326064451 1.2611256560193551 0.017121239373240924 1.0 0.0 0.0 1.0
3.92 0.5036711412502679 1.2696604585415603 0.017122736477671006 1.0 0.0 0.0 1.0
3.9299999999999997 0.47803559697789444 1.2776949056788534 0.017123462648750688 1.0 0.0 0.0 1.0
3.94 0.45225607300314985 1.285227403268337 0.017123394295625236 1.0 0.0 0.0 1.0
3.9499999999999997 0.42634301720116835 1.292256540140261 0.017122511243290943 1.0 0.0 0.0 1.0
3.96 0.400306945785558 1.2987810855781405 0.017120797981847628 1.0 0.0 0.0 1.0
3.9699999999999998 0.37415843669144944 1.304799987521558 0.017118244851161535 1.0 0.0 0.0 1.0
3.98 0.34790812552139755 1.3103123705129018 0.017114845444455216 1.0 0.0 0.0 1.0
3.9899999999999998 0.3215666978402045 1.3153175333167793 0.0171105992719611 1.0 0.0 0.0 1.0
4.0 0.2951448836511318 1.3198149473229601 0.017105510777786312 1.0 0.0 0.0 1.0
4.01 0.2686534523471257 1.3238042543781814 0.017099587867514282 1.0 0.0 0.0 1.0
4.02 0.24210320442531597 1.327285264725635 0.01709284485672373 1.0 0.0 0.0 1.0
4.03 0.21550496686959245 1.330257955521281 0.01708529986549219 1.0 0.0 0.0 1.0
4.04 0.1888695867646121 1.3327224687845882 0.017076974979932484 1.0 0.0 0.0 1.0
4.05 0.16220792346250462 1.334679109706108 0.01706789814317822 1.0 0.0 0.0 1.0
4.06 0.13553084418049421 1.3361283452517625 0.017058100150476572 1.0 0.0 0.0 1.0
4.07 0.10884921621204964 1.337070802367485 0.017047616532190807 1.0 0.0 0.0 1.0
4.08 0.08217390090906272 1.3375072667231287 0.017036486692689184 1.0 0.0 0.0 1.0
4.09 0.055515747855804744 1.3374386813468733 0.017024752939177462 1.0 0.0 0.0 1.0
4.1 0.028885587209915447 1.336866145275654 0.01701246196734934 1.0 0.0 0.0 1.0
4.109999999999999 0.002294224877548276 1.335790912594917 0.016999662440494296 1.0 0.0 0.0 1.0
4.12 -0.024247565215327952 1.3342143912080295 0.016986406634552077 1.0 0.0 0.0 1.0
4.13 -0.050729046595059064 1.3321381420104552 0.01697274897036822 1.0 0.0 0.0 1.0
4.14 -0.07713952648863 1.3295638780404808 0.016958745701507374 1.0 0.0 0.0 1.0
4.1499999999999995 -0.10346836282252056 1.3264934636134806 0.016944455661937727 1.0 0.0 0.0 1.0
4.16 -0.12970496902931497 1.3229289138453904 0.016929938147388218 1.0 0.0 0.0 1.0
4.17 -0.15583882157605847 1.3188723939036746 0.01691525450049935 1.0 0.0 0.0 1.0
4.18 -0.1818594647502856 1.3143262186344788 0.016900466224968498 1.0 0.0 0.0 1.0
4.1899999999999995 -0.20775651706996837 1.3092928521763587 0.016885635236043837 1.0 0.0 0.0 1.0
4.2 -0.23351967738083224 1.3037749074893221 0.016870823972942612 1.0 0.0 0.0 1.0
4.21 -0.2591387294837752 1.2977751463360165 0.016856093611398528 1.0 0.0 0.0 1.0
4.22 -0.2846035491812098 1.2912964788561239 0.016841505574935273 1.0 0.0 0.0 1.0
4.2299999999999995 -0.309904108369837 1.2843419635693498 0.01682711953055107 1.0 0.0 0.0 1.0
4.24 -0.3350304811139826 1.2769148073305154 0.016812993812047546 1.0 0.0 0.0 1.0
4.25 -0.3599728490024066 1.269018365074515 0.016799185448103632 1.0 0.0 0.0 1.0
4.26 -0.3847215051973039 1.2606561401422476 0.01678574843449573 1.0 0.0 0.0 1.0
4.27 -0.4092668608300101 1.2518317840015316 0.01677273523798667 1.0 0.0 0.0 1.0
4.28 -0.43359944849477683 1.2425490964229153 0.016760195056011572 1.0 0.0 0.0 1.0
4.29 -0.4577099273878968 1.2328120256534523 0.016748173914876527 1.0 0.0 0.0 1.0
4.3 -0.48158908822376373 1.222624668132925 0.016736715200403852 1.0 0.0 0.0 1.0
4.31 -0.5052278563439245 1.2119912689790708 0.016725857803623026 1.0 0.0 0.0 1.0
4.32 -0.5286172972415213 1.2009162217066218 0.01671563752840475 1.0 0.0 0.0 1.0
4.33 -0.5517486196776404 1.1894040682655285 0.01670608608956896 1.0 0.0 0.0 1.0
4.34 -0.574613179341961 1.177459499343423 0.016697230453388105 1.0 0.0 0.0 1.0
4.35 -0.5972024835071693 1.165087353795616 0.016689094170493246 1.0 0.0 0.0 1.0
4.36 -0.6195081931551367 1.1522926190123592 0.016681695596607683 1.0 0.0 0.0 1.0
4.37 -0.6415221271792025 1.1390804305925142 0.016675410995269757 1.0 0.0 0.0 1.0
4.38 -0.6632362654228743 1.1254560718725093 0.016669897271961786 1.0 0.0 0.0 1.0
4.39 -0.6846427507406134 1.111424974238933 0.016665150097422036 1.0 0.0 0.0 1.0
4.3999999999999995 -0.7057338929631157 1.0969927161381263 0.016661168737620476 1.0 0.0 0.0 1.0
4.41 -0.7265021705874297 1.0821650229231048 0.01665794768353638 1.0 0.0 0.0 1.0
4.42 -0.7469402331193955 1.066947766554471 0.016655476410745756 1.0 0.0 0.0 1.0
4.43 -0.7670409040628796 1.0513469643278905 0.016653740835137747 1.0 0.0 0.0 1.0
4.4399999999999995 -0.7867971818622783 1.0353687788667005 0.016652721821053817 1.0 0.0 0.0 1.0
4.45 -0.80620224239538 1.0190195168877132 0.016652396279128314 1.0 0.0 0.0 1.0
4.46 -0.8252494406976074 1.0023056280743792 0.016652737621050444 1.0 0.0 0.0 1.0
4.47 -0.8439323116632095 0.9852337047483615 0.016653714556455368 1.0 0.0 0.0 1.0
4.4799999999999995 -0.8622445722595877 0.9678104798139779 0.016655293006512077 1.0 0.0 0.0 1.0
4.49 -0.8801801221500746 0.9500428259587576 0.01665743539263352 1.0 0.0 0.0 1.0
4.5 -0.8977330444310542 0.9319377544305079 0.016660100536651037 1.0 0.0 0.0 1.0
4.51 -0.9148976071292421 0.913502412694163 0.016663245355213345 1.0 0.0 0.0 1.0
4.52 -0.9316682630871852 0.894744083711913 0.01666682347859129 1.0 0.0 0.0 1.0
4.53 -0.9480396507405213 0.8756701835290382 0.016670786554091013 1.0 0.0 0.0 1.0
4.54 -0.9640065947075925 0.8562882592064414 0.016675084808092645 1.0 0.0 0.0 1.0
4.55 -0.9795641052972803 0.8366059876010706 0.016679665923137264 1.0 0.0 0.0 1.0
4.56 -0.9947073791272283 0.8166311720260631 0.016684477188586726 1.0 0.0 0.0 1.0
4.57 -1.0094317988601067 0.7963717406148881 0.016689464725825286 1.0 0.0 0.0 1.0
4.58 -1.0237329326212217 0.7758357440106096 0.016694573513188146 1.0 0.0 0.0 1.0
4.59 -1.0376065342027265 0.7550313517943814 0.016699749234362394 1.0 0.0 0.0 1.0
4.6 -1.0510485421586062 0.7339668509517693 0.01670493672646712 1.0 0.0 0.0 1.0
4.61 -1.0640550792305532 0.712650642188446 0.01671008152581302 1.0 0.0 0.0 1.0
4.62 -1.0766224520308612 0.6910912368476239 0.016715130311804598 1.0 0.0 0.0 1.0
4.63 -1.0887471497334091 0.6692972547622181 0.016720029707637477 1.0 0.0 0.0 1.0
4.64 -1.1004258434906713 0.6472774196236638 0.016724728647793338 1.0 0.0 0.0 1.0
4.6499999999999995 -1.1116553855610145 0.6250405564946839 0.016729177298727957 1.0 0.0 0.0 1.0
4.66 -1.1224328078884123 0.6025955884616053 0.016733327115836305 1.0 0.0 0.0 1.0
4.67 -1.1327553213859844 0.5799515318734928 0.01673713277740621 1.0 0.0 0.0 1.0
4.68 -1.1426203146115597 0.5571174940495724 0.016740550263470683 1.0 0.0 0.0 1.0
4.6899999999999995 -1.152025352379015 0.5341026684506462 0.016743538574995272 1.0 0.0 0.0 1.0
4.7 -1.1609681748766323 0.5109163306559801 0.016746059964288136 1.0 0.0 0.0 1.0
4.71 -1.1694466960202718 0.4875678354123712 0.016748078524995783 1.0 0.0 0.0 1.0
4.72 -1.177459002194858 0.46406661089104223 0.016749562696333847 1.0 0.0 0.0 1.0
4.7299999999999995 -1.1850033511205549 0.4404221554539548 0.01675048381686594 1.0 0.0 0.0 1.0
4.74 -1.192078170152953 0.41664403347393936 0.016750816085360536 1.0 0.0 0.0 1.0
4.75 -1.1986820551077813 0.39274186957507723 0.016750538536143333 1.0 0.0 0.0 1.0
4.76 -1.2048137689131755 0.3687253457345816 0.01674963270864002 1.0 0.0 0.0 1.0
4.77 -1.210472239991785 0.34460419558033617 0.01674808439479506 1.0 0.0 0.0 1.0
4.78 -1.2156565611893269 0.3203881996068817 0.0167458836920658 1.0 0.0 0.0 1.0
4.79 -1.2203659882612068 0.29608718164042724 0.016743023317623562 1.0 0.0 0.0 1.0
4.8 -1.2245999384690134 0.27171100228327183 0.016739501122705093 1.0 0.0 0.0 1.0
4.81 -1.2283579895178538 0.24726955511370663 0.01673531838125687 1.0 0.0 0.0 1.0
4.82 -1.2316398780824023 0.2227727619603682 0.016730479534660468 1.0 0.0 0.0 1.0
4.83 -1.2344454986050906 0.19823056643411427 0.016724994164538327 1.0 0.0 0.0 1.0
4.84 -1.2367749022517935 0.17365293062760478 0.01671887436258231 1.0 0.0 0.0 1.0
4.85 -1.2386282955558612 0.14904982888842824 0.016712136320677754 1.0 0.0 0.0 1.0
4.86 -1.2400060394665897 0.12443124252202854 0.01670480031842033 1.0 0.0 0.0 1.0
4.87 -1.2409086483189773 0.0998071559353357 0.016696888774864246 1.0 0.0 0.0 1.0
4.88 -1.241336788687616 0.07518754963917486 0.01668842861781027 1.0 0.0 0.0 1.0
4.89 -1.2412912786251342 0.05058239610861068 0.016679449507038986 1.0 0.0 0.0 1.0
4.8999999999999995 -1.2407730867471973 0.026001654836299393 0.016669983282229496 1.0 0.0 0.0 1.0
4.91 -1.239783331290628 0.0014552655144693478 0.016660065876057027 1.0 0.0 0.0 1.0
4.92 -1.2383232795510875 -0.023046855436681172 0.01664973459277822 1.0 0.0 0.0 1.0
4.93 -1.2363943470663203 -0.04749482122386859 0.01663902936738956 1.0 0.0 0.0 1.0
4.9399999999999995 -1.233998096944465 -0.07187878018928935 0.016627992819494633 1.0 0.0 0.0 1.0
4.95 -1.2311362394632146 -0.09618891969939647 0.016616668129096568 1.0 0.0 0.0 1.0
4.96 -1.2278106313541173 -0.12041547316013018 0.01660510112056865 1.0 0.0 0.0 1.0
4.97 -1.224023275407754 -0.144548724228006 0.016593338650601804 1.0 0.0 0.0 1.0
4.9799999999999995 -1.2197763202047611 -0.16857901162352243 0.016581427748154076 1.0 0.0 0.0 1.0
4.99 -1.2150720594948614 -0.19249673587870175 0.0165694174201603 1.0 0.0 0.0 1.0
5.0 -1.2099129321064646 -0.21629236271993377 0.016557356086998994 1.0 0.0 0.0 1.0
5.01 -1.204301521669546 -0.23995642911156634 0.016545292416505066 1.0 0.0 0.0 1.0
5.02 -1.1982405561862024 -0.26347954861931666 0.01653327556703076 1.0 0.0 0.0 1.0
5.03 -1.1917329081742205 -0.286852415013739 0.01652135303450853 1.0 0.0 0.0 1.0
5.04 -1.1847815942839217 -0.31006580882652457 0.016509572390415127 1.0 0.0 0.0 1.0
5.05 -1.177389775151354 -0.3331106013212549 0.016497980041581737 1.0 0.0 0.0 1.0
5.06 -1.1695607556064924 -0.35597775878864313 0.016486620140821508 1.0 0.0 0.0 1.0
5.07 -1.1612979841887 -0.37865834874721355 0.016475536292634003 1.0 0.0 0.0 1.0
5.08 -1.15260505333641 -0.4011435429479021 0.0164647693686412 1.0 0.0 0.0 1.0
5.09 -1.1434856993836142 -0.423424622634298 0.016454357955566268 1.0 0.0 0.0 1.0
5.1 -1.1339438021404182 -0.44549298335810145 0.016444338889554728 1.0 0.0 0.0 1.0
5.11 -1.1239833852971004 -0.46734013796137225 0.016434745245658078 1.0 0.0 0.0 1.0
5.12 -1.1136086160352896 -0.4889577221692643 0.0164256077960094 1.0 0.0 0.0 1.0
5.13 -1.1028238048539118 -0.510337497982623 0.016416954271634834 1.0 0.0 0.0 1.0
5.14 -1.091633405886416 -0.5314713570662182 0.0164088081934921 1.0 0.0 0.0 1.0
5.1499999999999995 -1.0800420161710427 -0.552351325911519 0.01640119056460482 1.0 0.0 0.0 1.0
5.16 -1.068054375799951 -0.572969568171842 0.016394118182742834 1.0 0.0 0.0 1.0
5.17 -1.0556753677404527 -0.5933183886892786 0.016387603869919786 1.0 0.0 0.0 1.0
5.18 -1.0429100170558132 -0.6133902373615494 0.016381657353633595 1.0 0.0 0.0 1.0
5.1899999999999995 -1.0297634911725586 -0.6331777112001666 0.01637628351625601 1.0 0.0 0.0 1.0
5.2 -1.0162410990068065 -0.6526735585052277 0.01637155938903563 1.0 0.0 0.0 1.0
5.21 -1.0023482904040177 -0.671870681373237 0.01636755596470634 1.0 0.0 0.0 1.0
5.22 -0.9880906561088737 -0.6907621378624443 0.016364114441045415 1.0 0.0 0.0 1.0
5.2299999999999995 -0.973473926321992 -0.7093411457082401 0.016361223787573063 1.0 0.0 0.0 1.0
5.24 -0.958503970447935 -0.7276010837621152 0.016358868717335735 1.0 0.0 0.0 1.0
5.25 -0.9431867962480759 -0.7455354944661403 0.016357029913913995 1.0 0.0 0.0 1.0
5.26 -0.927528548297415 -0.7631380864658157 0.016355685234402964 1.0 0.0 0.0 1.0
5.27 -0.9115355077222449 -0.7804027355631776 0.016354808208637984 1.0 0.0 0.0 1.0
5.28 -0.895214090368849 -0.7973234871942668 0.01635436949446039 1.0 0.0 0.0 1.0
5.29 -0.8785708455160395 -0.8138945578647282 0.016354336953890325 1.0 0.0 0.0 1.0
5.3 -0.8616124550906934 -0.8301103359568625 0.016354674684949014 1.0 0.0 0.0 1.0
5.31 -0.8443457311014456 -0.8459653837960943 0.016355345051003174 1.0 0.0 0.0 1.0
5.32 -0.8267776146866753 -0.861454438113387 0.016356307610576167 1.0 0.0 0.0 1.0
5.33 -0.8089151742169592 -0.8765724109004134 0.01635751948811046 1.0 0.0 0.0 1.0
5.34 -0.790765602670598 -0.8913143906630139 0.01635893678573512 1.0 0.0 0.0 1.0
5.35 -0.7723362165685883 -0.9056756422942479 0.016360513136616302 1.0 0.0 0.0 1.0
5.36 -0.7536344528698937 -0.9196516078654032 0.016362201397141302 1.0 0.0 0.0 1.0
5.37 -0.7346678667338897 -0.9332379069978258 0.01636395375512368 1.0 0.0 0.0 1.0
5.38 -0.7154441297447729 -0.9464303364371451 0.016365720822959305 1.0 0.0 0.0 1.0
5.39 -0.6959710260045499 -0.9592248705682409 0.016367453914713365 1.0 0.0 0.0 1.0
5.3999999999999995 -0.676256450325906 -0.9716176610176502 0.01636910382587347 1.0 0.0 0.0 1.0
5.41 -0.6563084051317629 -0.9836050361361592 0.016370621367121696 1.0 0.0 0.0 1.0
5.42 -0.6361349966179436 -0.9951835010441415 0.01637195885343428 1.0 0.0 0.0 1.0
5.43 -0.615744432805281 -1.0063497366785044 0.016373068470938695 1.0 0.0 0.0 1.0
5.4399999999999995 -0.5951450191028105 -1.0171005992289766 0.016373904222573628 1.0 0.0 0.0 1.0
5.45 -0.5743451550791031 -1.0274331196659463 0.016374421831380277 1.0 0.0 0.0 1.0
5.46 -0.5533533316899396 -1.0373445024610328 0.0163745777701902 1.0 0.0 0.0 1.0
5.47 -0.5321781260758038 -1.0468321249372055 0.01637433172798462 1.0 0.0 0.0 1.0
5.4799999999999995 -0.5108281989229212 -1.0558935363037882 0.01637364502391932 1.0 0.0 0.0 1.0
5.49 -0.48931229027597056 -1.0645264562728278 0.016372481207552962 1.0 0.0 0.0 1.0
5.5 -0.4676392145825199 -1.0727287742668974 0.016370807538042997 1.0 0.0 0.0 1.0
5.51 -0.4458178579817047 -1.0804985480544553 0.01636859299899942 1.0 0.0 0.0 1.0
5.52 -0.4238571727491614 -1.0878340023911757 0.016365810397559487 1.0 0.0 0.0 1.0
5.53 -0.4017661732229259 -1.0947335280654782 0.01636243598181284 1.0 0.0 0.0 1.0
5.54 -0.3795539322468454 -1.101195680288342 0.016358448292726535 1.0 0.0 0.0 1.0
5.55 -0.35722957496528684 -1.1072191774272886 0.016353830698912806 1.0 0.0 0.0 1.0
5.56 -0.33480227553518627 -1.1128028998484365 0.01634856943559847 1.0 0.0 0.0 1.0
5.57 -0.3122812521900653 -1.117945888271279 0.01634265411049661 1.0 0.0 0.0 1.0
5.58 -0.28967576146039187 -1.122647342600618 0.016336079144977932 1.0 0.0 0.0 1.0
5.59 -0.26699509496579943 -1.126906620588666 0.016328841426090503 1.0 0.0 0.0 1.0
5.6 -0.24424857316380083 -1.130723236282603 0.01632094237416982 1.0 0.0 0.0 1.0
5.61 -0.2214455407155012 -1.1340968589623293 0.0163123873641032 1.0 0.0 0.0 1.0
5.62 -0.19859536250642887 -1.137027311696475 0.016303184334493983 1.0 0.0 0.0 1.0
5.63 -0.17570741689474023 -1.1395145699786675 0.016293346244393662 1.0 0.0 0.0 1.0
5.64 -0.15279109206238717 -1.1415587607049853 0.01628288890957459 1.0 0.0 0.0 1.0
5.6499999999999995 -0.12985578079141435 -1.1431601607721649 0.016271831254157938 1.0 0.0 0.0 1.0
5.66 -0.10691087428187618 -1.1443191959226284 0.01626019671680157 1.0 0.0 0.0 1.0
5.67 -0.08396575878284747 -1.1450364397528923 0.016248010676906854 1.0 0.0 0.0 1.0
5.68 -0.06102980916939092 -1.1453126124128825 0.016235302282846385 1.0 0.0 0.0 1.0
5.6899999999999995 -0.03811238410702577 -1.1451485796953236 0.01622210386215938 1.0 0.0 0.0 1.0
5.7 -0.01522282206210803 -1.144545352072213 0.01620844929673447 1.0 0.0 0.0 1.0
5.71 0.007629565473491485 -1.1435040835561627 0.016194376264453393 1.0 0.0 0.0 1.0
5.72 0.030435497667254334 -1.1420260709892527 0.01617992413338208 1.0 0.0 0.0 1.0
5.7299999999999995 0.053185729377725324 -1.1401127531448563 0.016165133862135427 1.0 0.0 0.0 1.0
5.74 0.07587105727349523 -1.137765709776112 0.016150049381794925 1.0 0.0 0.0 1.0
5.75 0.09848232303241745 -1.1349866610853394 0.01613471501702564 1.0 0.0 0.0 1.0
5.76 0.12101041941214141 -1.131777466843923 0.016119176924566592 1.0 0.0 0.0 1.0
5.77 0.1434462949184613 -1.1281401257023236 0.01610348268424386 1.0 0.0 0.0 1.0
5.78 0.1657809574232724 -1.124076774766026 0.016087679522767132 1.0 0.0 0.0 1.0
5.79 0.1880054804616593 -1.1195896887328272 0.01607181626459476 1.0 0.0 0.0 1.0
5.8 0.2101110066458098 -1.1146812794765912 0.016055941530152953 1.0 0.0 0.0 1.0
5.81 0.23208875208553095 -1.109354095629618 0.016040103293010817 1.0 0.0 0.0 1.0
5.82 0.2539300120053288 -1.1036108217864375 0.01602435026066351 1.0 0.0 0.0 1.0
5.83 0.2756261634962603 -1.097454278342096 0.016008729514200487 1.0 0.0 0.0 1.0
5.84 0.2971686707856907 -1.090887420918792 0.015993287531137435 1.0 0.0 0.0 1.0
5.85 0.3185490894090513 -1.083913339775915 0.01597807009718647 1.0 0.0 0.0 1.0
5.86 0.33975906915579285 -1.0765352597572257 0.015963120512671878 1.0 0.0 0.0 1.0
5.87 0.36079035947024957 -1.0687565395127376 0.015948481277913252 1.0 0.0 0.0 1.0
5.88 0.38163481234226115 -1.0605806712003698 0.0159341927535522 1.0 0.0 0.0 1.0
5.89 0.4022843858059268 -1.0520112803067263 0.015920292485965437 1.0 0.0 0.0 1.0
5.8999999999999995 0.42273114869429756 -1.0430521247688458 0.015906816638162413 1.0 0.0 0.0 1.0
5.91 0.44296728274705194 -1.033707094948732 0.01589379799898786 1.0 0.0 0.0 1.0
5.92 0.46298508675531763 -1.0239802130614117 0.015881266699716234 1.0 0.0 0.0 1.0
5.93 0.48277697998056346 -1.0138756324379743 0.015869250507457862 1.0 0.0 0.0 1.0
5.9399999999999995 0.5023355042383104 -1.0033976375464024 0.01585777762209251 1.0 0.0 0.0 1.0
5.95 0.5216533281103428 -0.9925506429685482 0.015846869116301177 1.0 0.0 0.0 1.0
5.96 0.5407232491382711 -0.9813391929599776 0.01583654210666789 1.0 0.0 0.0 1.0
5.97 0.5595381962251836 -0.9697679611692098 0.015826811955776725 1.0 0.0 0.0 1.0
5.9799999999999995 0.5780912332832157 -0.957841749353643 0.01581769282984519 1.0 0.0 0.0 1.0
5.99 0.5963755605957751 -0.9455654872124266 0.01580918650940078 1.0 0.0 0.0 1.0
6.0 0.6143845176673405 -0.9329442314526103 0.015801298704158574 1.0 0.0 0.0 1.0
6.01 0.632111585731674 -0.9199831646226047 0.015794026719142245 1.0 0.0 0.0 1.0
6.02 0.6495503889082272 -0.9066875948947427 0.01578736490750937 1.0 0.0 0.0 1.0
6.03 0.6666946970868415 -0.8930629544560544 0.015781306506370878 1.0 0.0 0.0 1.0
6.04 0.6835384273459781 -0.8791147986698357 0.015775841430833028 1.0 0.0 0.0 1.0
6.05 0.7000756452307053 -0.864848805377345 0.015770955570931104 1.0 0.0 0.0 1.0
6.06 0.7163005671910928 -0.8502707729073078 0.015766632519320437 1.0 0.0 0.0 1.0
6.07 0.7322075612007042 -0.8353866195283064 0.01576285223708433 1.0 0.0 0.0 1.0
6.08 0.7477911483112901 -0.8202023818518934 0.015759591690593943 1.0 0.0 0.0 1.0
6.09 0.7630460042090031 -0.8047242130007731 0.015756825743262995 1.0 0.0 0.0 1.0
6.1 0.7779669595076248 -0.7889583819163382 0.015754525786732122 1.0 0.0 0.0 1.0
6.11 0.7925490013349976 -0.7729112709114256 0.01575266141487426 1.0 0.0 0.0 1.0
6.12 0.8067872740016266 -0.7565893742456758 0.015751200135822253 1.0 0.0 0.0 1.0
6.13 0.8206770792771212 -0.7399992968001061 0.015750106736822075 1.0 0.0 0.0 1.0
6.14 0.8342138776719085 -0.7231477511829936 0.015749345200647562 1.0 0.0 0.0 1.0
6.15 0.8473932884141722 -0.7060415566525432 0.015748877415335254 1.0 0.0 0.0 1.0
6.16 0.8602110898759115 -0.6886876366905983 0.015748663929485936 1.0 0.0 0.0 1.0
6.17 0.8726632202566036 -0.6710930163687681 0.01574866494992167 1.0 0.0 0.0 1.0
6.18 0.8847457771947443 -0.6532648210628061 0.015748838967020208 1.0 0.0 0.0 1.0
6.1899999999999995 0.8964550182449833 -0.6352102730581728 0.01574919789465576 1.0 0.0 0.0 1.0
6.2 0.9077873609207124 -0.6169366894513894 0.015749667852126798 1.0 0.0 0.0 1.0
6.21 0.9187393822180078 -0.598451480124796 0.01575017948972043 1.0 0.0 0.0 1.0
6.22 0.9293078189344859 -0.5797621438909376 0.015750691678304302 1.0 0.0 0.0 1.0
6.2299999999999995 0.9394895671884383 -0.5608762668390849 0.01575116310957152 1.0 0.0 0.0 1.0
6.24 0.9492816820169498 -0.5418015190663341 0.01575155315194144 1.0 0.0 0.0 1.0
6.25 0.9586813773693513 -0.522545651220767 0.01575182284125661 1.0 0.0 0.0 1.0
6.26 0.9676860253012547 -0.5031164926233049 0.015751933355110284 1.0 0.0 0.0 1.0
6.27 0.9762931556516535 -0.4835219469653629 0.015751847990049365 1.0 0.0 0.0 1.0
6.28 0.9845004556537716 -0.46376998954949905 0.015751531658099453 1.0 0.0 0.0 1.0
6.29 0.9923057690340478 -0.44386866461661534 0.01575095017323984 1.0 0.0 0.0 1.0
6.3 0.9997070956582018 -0.4238260806071687 0.015750072431351812 1.0 0.0 0.0 1.0
6.31 1.0067025908196696 -0.4036504079746215 0.015748868670602822 1.0 0.0 0.0 1.0
6.32 1.0132905643808907 -0.38334987519264946 0.015747311342295463 1.0 0.0 0.0 1.0
6.33 1.0194694803182243 -0.362932764560837 0.015745376053500536 1.0 0.0 0.0 1.0
6.34 1.0252379557890479 -0.34240740982771795 0.015743039797519846 1.0 0.0 0.0 1.0
6.35 1.0305947603681787 -0.32178219114336604 0.015740282986448216 1.0 0.0 0.0 1.0
6.36 1.0355388154449081 -0.3010655317368442 0.01573708875334503 1.0 0.0 0.0 1.0
6.37 1.0400691932326214 -0.2802658947401477 0.015733442071908087 1.0 0.0 0.0 1.0
6.38 1.0441851160562952 -0.2593917777556797 0.01572933197200596 1.0 0.0 0.0 1.0
6.39 1.0478859556284934 -0.2384517102457597 0.015724749539198505 1.0 0.0 0.0 1.0
6.4 1.0511712320906539 -0.21745424902927268 0.015719688683335693 1.0 0.0 0.0 1.0
6.41 1.054040613347911 -0.19640797352129494 0.01571414704510645 1.0 0.0 0.0 1.0
6.42 1.0564939142596996 -0.17532148301278938 0.015708123978858193 1.0 0.0 0.0 1.0
6.43 1.0585310957584286 -0.15420339113083792 0.01570162252314381 1.0 0.0 0.0 1.0
6.4399999999999995 1.0601522642171803 -0.13306232211437216 0.01569464858937933 1.0 0.0 0.0 1.0
6.45 1.0613576706376227 -0.11190690733834131 0.015687209874038436 1.0 0.0 0.0 1.0
6.46 1.0621477098350547 -0.09074577945962815 0.01567931802438129 1.0 0.0 0.0 1.0
6.47 1.0625229198579798 -0.06958756953787457 0.0156709865051678 1.0 0.0 0.0 1.0
6.4799999999999995 1.0624839811879205 -0.048440902296257776 0.015662231149639983 1.0 0.0 0.0 1.0
6.49 1.0620317160333534 -0.027314391033601455 0.015653071067962054 1.0 0.0 0.0 1.0
6.5 1.0611670877958206 -0.0062166347548037884 0.015643526458218485 1.0 0.0 0.0 1.0
6.51 1.0598912002768874 0.01484378754578068 0.01563362039099265 1.0 0.0 0.0 1.0
6.52 1.058205297116461 0.03585832079980115 0.015623378019740973 1.0 0.0 0.0 1.0
6.53 1.0561107612975194 0.05681843739926205 0.015612825293002383 1.0 0.0 0.0 1.0
6.54 1.0536091143577901 0.07771564313932387 0.015601990989439533 1.0 0.0 0.0 1.0
6.55 1.0507020160066367 0.09854148017621234 0.015590904635824455 1.0 0.0 0.0 1.0
6.56 1.0473912635841536 0.1192875316884531 0.015579596765684059 1.0 0.0 0.0 1.0
6.57 1.043678791363709 0.1399454269999723 0.015568099874418515 1.0 0.0 0.0 1.0
6.58 1.039566670313006 0.160506844379741 0.015556446190088039 1.0 0.0 0.0 1.0
6.59 1.0350571074279227 0.18096351657635665 0.01554466918554281 1.0 0.0 0.0 1.0
6.6 1.0301524452262667 0.20130723467602837 0.015532802956864355 1.0 0.0 0.0 1.0
6.61 1.0248551615496457 0.22152985142972462 0.01552088079366102 1.0 0.0 0.0 1.0
6.62 1.0191678687689258 0.2416232869111834 0.015508937043276123 1.0 0.0 0.0 1.0
6.63 1.013093313534639 0.2615795313375002 0.015497005264321285 1.0 0.0 0.0 1.0
6.64 1.0066343764207377 0.28139064931901736 0.015485118193942663 1.0 0.0 0.0 1.0
6.65 0.9997940711460175 0.3010487846877004 0.01547330879942422 1.0 0.0 0.0 1.0
6.66 0.9925755445172928 0.32054616299624883 0.015461608159134527 1.0 0.0 0.0 1.0
6.67 0.9849820757558493 0.3398750964926378 0.015450046696883941 1.0 0.0 0.0 1.0
6.68 0.9770170759159582 0.35902798765274835 0.015438653850188012 1.0 0.0 0.0 1.0
6.6899999999999995 0.9686840878184391 0.3779973320254654 0.015427456592329691 1.0 0.0 0.0 1.0
6.7 0.9599867850656196 0.3967757232281194 0.015416481161980501 1.0 0.0 0.0 1.0
6.71 0.9509289717592713 0.4153558554031128 0.01540575157810763 1.0 0.0 0.0 1.0
6.72 0.9415145821093677 0.4337305267373894 0.015395289400944707 1.0 0.0 0.0 1.0
6.7299999999999995 0.931747679365519 0.45189264366107706 0.015385114934633688 1.0 0.0 0.0 1.0
6.74 0.9216324557325458 0.46983522283093404 0.015375245333516006 1.0 0.0 0.0 1.0
6.75 0.9111732314264472 0.4875513951936805 0.01536569564806001 1.0 0.0 0.0 1.0
6.76 0.9003744538042685 0.5050344089377061 0.015356478839469594 1.0 0.0 0.0 1.0
6.77 0.8892406971698982 0.522277631615127 0.015347604352002279 1.0 0.0 0.0 1.0
6.78 0.8777766613198426 0.5392745541441426 0.01533907980896388 1.0 0.0 0.0 1.0
6.79 0.865987171004009 0.5560187927015581 0.015330909908368917 1.0 0.0 0.0 1.0
6.8 0.8538771752070242 0.5725040912621852 0.015323096107640408 1.0 0.0 0.0 1.0
6.81 0.8414517455197433 0.5887243248835766 0.015315638021271935 1.0 0.0 0.0 1.0
6.82 0.8287160757827363 0.6046735010173757 0.015308531771668337 1.0 0.0 0.0 1.0
6.83 0.8156754805643116 0.6203457624066413 0.015301770992144925 1.0 0.0 0.0 1.0
6.84 0.8023353937643368 0.6357353892614647 0.015295347147920722 1.0 0.0 0.0 1.0
6.85 0.7887013680191111 0.6508368005116617 0.015289248210141462 1.0 0.0 0.0 1.0
6.86 0.7747790724929123 0.6656445566010092 0.015283460433266977 1.0 0.0 0.0 1.0
6.87 0.7605742918610413 0.6801533606913838 0.015277967523379484 1.0 0.0 0.0 1.0
6.88 0.746092924992742 0.6943580601074938 0.015272750351702663 1.0 0.0 0.0 1.0
6.89 0.7313409825140237 0.7082536485416586 0.015267788557019352 1.0 0.0 0.0 1.0
6.9 0.716324585971454 0.7218352666419136 0.015263059036415696 1.0 0.0 0.0 1.0
6.91 0.70104996548165 0.7350982036558856 0.015258537034727803 1.0 0.0 0.0 1.0
6.92 0.6855234576171578 0.7480378987469377 0.0152541966449141 1.0 0.0 0.0 1.0
6.93 0.6697515042081766 0.7606499413770414 0.015250009549805203 1.0 0.0 0.0 1.0
6.9399999999999995 0.6537406491822917 0.7729300728550809 0.01524594695509858 1.0 0.0 0.0 1.0
6.95 0.6374975369170243 0.7848741868436964 0.015241978833075365 1.0 0.0 0.0 1.0
6.96 0.6210289101619886 0.7964783297747621 0.015238073691991032 1.0 0.0 0.0 1.0
6.97 0.604341606646932 0.8077387019756193 0.015234200352022626 1.0 0.0 0.0 1.0
6.9799999999999995 0.5874425576541654 0.8186516576126059 0.015230326390684777 1.0 0.0 0.0 1.0
6.99 0.5703387847310253 0.8292137051972663 0.015226419372648698 1.0 0.0 0.0 1.0
7.0 0.5530373967708249 0.8394215080979665 0.015222447376164188 1.0 0.0 0.0 1.0
7.01 0.5355455881403672 0.8492718842114594 0.015218377699740696 1.0 0.0 0.0 1.0
7.02 0.5178706345277388 0.8587618064213434 0.015214178954976865 1.0 0.0 0.0 1.0
7.03 0.5000198906233079 0.8678884025205217 0.015209820194769758 1.0 0.0 0.0 1.0
7.04 0.4820007872787587 0.8766489548352456 0.01520527068534953 1.0 0.0 0.0 1.0
7.05 0.4638208271704788 0.8850409004414872 0.015200501799605762 1.0 0.0 0.0 1.0
7.06 0.44548758279296025 0.893061830654601 0.01519548524988373 1.0 0.0 0.0 1.0
7.07 0.4270086923087452 0.90070949068782 0.015190194419040542 1.0 0.0 0.0 1.0
7.08 0.40839185587242083 0.9079817795338309 0.015184604809914262 1.0 0.0 0.0 1.0
7.09 0.38964483316185494 0.9148767491997926 0.01517869260446578 1.0 0.0 0.0 1.0
7.1 0.37077543837433885 0.921392604377084 0.01517243685371909 1.0 0.0 0.0 1.0
7.11 0.35179153731824725 0.9275277019764722 0.015165818398963811 1.0 0.0 0.0 1.0
7.12 0.3327010439677827 0.9332805503014858 0.015158819551062973 1.0 0.0 0.0 1.0
7.13 0.31351191535721323 0.9386498086307766 0.015151426038296965 1.0 0.0 0.0 1.0
7.14 0.2942321491230819 0.943634286496309 0.015143624965120096 1.0 0.0 0.0 1.0
7.15 0.27486977873560625 0.9482329428659255 0.015135406132041049 1.0 0.0 0.0 1.0
7.16 0.255432869242692 0.9524448856254734 0.015126762394261523 1.0 0.0 0.0 1.0
7.17 0.2359295144057975 0.9562693706808943 0.015117688009891887 1.0 0.0 0.0 1.0
7.18 0.21636783113897826 0.9597058011841195 0.015108180817577067 1.0 0.0 0.0 1.0
7.1899999999999995 0.19675595619604153 0.962753726891878 0.015098240991415088 1.0 0.0 0.0 1.0
7.2 0.17710204239859198 0.9654128432250768 0.015087870537537684 1.0 0.0 0.0 1.0
7.21 0.15741425306882675 0.9676829905006342 0.015077075234153262 1.0 0.0 0.0 1.0
7.22 0.13770075932768847 0.9695641532129683 0.015065862386213812 1.0 0.0 0.0 1.0
7.2299999999999995 0.11796973506538908 0.9710564590741425 0.01505424199215031 1.0 0.0 0.0 1.0
7.24 0.09822935237609902 0.9721601782997666 0.015042227071046532 1.0 0.0 0.0 1.0
7.25 0.07848777856919661 0.9728757228152349 0.015029831812729481 1.0 0.0 0.0 1.0
7.26 0.05875317043977999 0.9732036453132247 0.015017073620175425 1.0 0.0 0.0 1.0
7.27 0.03903367079817717 0.9731446385876601 0.015003971836620153 1.0 0.0 0.0 1.0
7.28 0.019337404702957434 0.9726995347116884 0.014990547012134717 1.0 0.0 0.0 1.0
7.29 -0.0003275261868019727 0.9718693041133799 0.014976822781096383 1.0 0.0 0.0 1.0
7.3 -0.019953046318043222 0.9706550549824714 0.01496282357631637 1.0 0.0 0.0 1.0
7.31 -0.03953111113640215 0.9690580323663611 0.014948575526324288 1.0 0.0 0.0 1.0
7.32 -0.05905371164590555 0.9670796173671898 0.014934106841328312 1.0 0.0 0.0 1.0
7.33 -0.07851287724078544 0.9647213265588422 0.01491944584793958 1.0 0.0 0.0 1.0
7.34 -0.09790068119197312 0.9619848110045507 0.014904622803331696 1.0 0.0 0.0 1.0
7.35 -0.11720924401210246 0.9588718556118974 0.014889668764416752 1.0 0.0 0.0 1.0
7.36 -0.1364307368961208 0.9553843785047513 0.014874614639898521 1.0 0.0 0.0 1.0
7.37 -0.15555738706028494 0.9515244299937323 0.01485949297565052 1.0 0.0 0.0 1.0
7.38 -0.1745814802252558 0.9472941921111885 0.014844335816729368 1.0 0.0 0.0 1.0
7.39 -0.19349536500357162 0.9426959777887569 0.014829175293399756 1.0 0.0 0.0 1.0
7.4 -0.21229145714421999 0.9377322299500049 0.014814044150406134 1.0 0.0 0.0 1.0
7.41 -0.23096224196424564 0.9324055211041952 0.014798973788238202 1.0 0.0 0.0 1.0
7.42 -0.24950027922211507 0.9267185522898724 0.01478399582615419 1.0 0.0 0.0 1.0
7.43 -0.2678982061381329 0.920674152387655 0.014769141252221885 1.0 0.0 0.0 1.0
7.4399999999999995 -0.28614874024786546 0.9142752776122763 0.014754439335107332 1.0 0.0 0.0 1.0
7.45 -0.30424468409202665 0.9075250102898926 0.014739919332833338 1.0 0.0 0.0 1.0
7.46 -0.32217892729204 0.9004265584226379 0.014725608646914887 1.0 0.0 0.0 1.0
7.47 -0.339944450146428 0.8929832548290162 0.014711533147051696 1.0 0.0 0.0 1.0
7.4799999999999995 -0.35753432729827894 0.885198556013131 0.014697741157306939 1.0 0.0 0.0 1.0
7.49 -0.3749417295952778 0.8770760417988842 0.014684255083742286 1.0 0.0 0.0 1.0
7.5 -0.3921599280703449 0.8686194140460771 0.014671074396451681 1.0 0.0 0.0 1.0
7.51 -0.40918229643335857 0.8598324957827762 0.014658218341268096 1.0 0.0 0.0 1.0
7.52 -0.4260023131700481 0.8507192306495486 0.014645703258563406 1.0 0.0 0.0 1.0
7.53 -0.4426135653349846 0.8412836813101803 0.014633544273530405 1.0 0.0 0.0 1.0
7.54 -0.45900975010094264 0.8315300288918599 0.014621753795944315 1.0 0.0 0.0 1.0
7.55 -0.47518467739518555 0.8214625718967037 0.014610341696433141 1.0 0.0 0.0 1.0
7.56 -0.4911322728072553 0.811085724677043 0.014599316263079191 1.0 0.0 0.0 1.0
7.57 -0.5068465787964571 0.8004040169348235 0.014588682542336119 1.0 0.0 0.0 1.0
7.58 -0.5223217576228815 0.7894220920128439 0.014578443627174168 1.0 0.0 0.0 1.0
7.59 -0.5375520932020443 0.7781447056866372 0.014568600473479968 1.0 0.0 0.0 1.0
7.6 -0.5525319923919815 0.766576725371857 0.014559150812658826 1.0 0.0 0.0 1.0
7.61 -0.567255987762092 0.7547231279832429 0.014550090899364682 1.0 0.0 0.0 1.0
7.62 -0.5817187385740743 0.742588999095155 0.014541414292141716 1.0 0.0 0.0 1.0
7.63 -0.595915032421596 0.7301795314395442 0.014533111994824738 1.0 0.0 0.0 1.0
7.64 -0.6098397872951059 0.717500022826145 0.014525173617445377 1.0 0.0 0.0 1.0
7.65 -0.6234880521508551 0.7045558753534873 0.014517586182878187 1.0 0.0 0.0 1.0
7.66 -0.6368550087718216 0.6913525931097347 0.01451033474542342 1.0 0.0 0.0 1.0
7.67 -0.6499359729621238 0.677895780492671 0.014503402541484987 1.0 0.0 0.0 1.0
7.68 -0.6627263950758258 0.6641911410323519 0.014496770495029076 1.0 0.0 0.0 1.0
7.6899999999999995 -0.6752218617643256 0.6502444745671575 0.014490425814608288 1.0 0.0 0.0 1.0
7.7 -0.6874180964231696 0.6360616760104811 0.014484341752833266 1.0 0.0 0.0 1.0
7.71 -0.6993109599268807 0.6216487333182422 0.014478492693422015 1.0 0.0 0.0 1.0
7.72 -0.7108964518713522 0.6070117247510153 0.014472854939756762 1.0 0.0 0.0 1.0
7.7299999999999995 -0.7221707106038391 0.5921568177045281 0.014467402958187056 1.0 0.0 0.0 1.0
7.74 -0.733130014122109 0.5770902657381928 0.014462110774050175 1.0 0.0 0.0 1.0
7.75 -0.7437707806664159 0.5618184063541009 0.01445695265391013 1.0 0.0 0.0 1.0
7.76 -0.7540895686378493 0.5463476593642033 0.014451903404067906 1.0 0.0 0.0 1.0
7.77 -0.7640830774441331 0.530684523345387 0.014446932635501036 1.0 0.0 0.0 1.0
7.78 -0.7737481475107146 0.514835573961906 0.014442012749903043 1.0 0.0 0.0 1.0
7.79 -0.7830817603048679 0.49880746138154713 0.01443711582525831 1.0 0.0 0.0 1.0
7.8 -0.7920810388659565 0.48260690686137225 0.014432215015639765 1.0 0.0 0.0 1.0
7.81 -0.8007432474563905 0.46624070118064154 0.014427282972251543 1.0 0.0 0.0 1.0
7.82 -0.809065791705357 0.4497157010191982 0.014422293317160387 1.0 0.0 0.0 1.0
7.83 -0.8170462187167206 0.43303882619965517 0.014417220698926262 1.0 0.0 0.0 1.0
7.84 -0.8246822165859765 0.41621705761680955 0.014412039706432796 1.0 0.0 0.0 1.0
7.85 -0.8319716145449108 0.39925743303301564 0.014406726904352749 1.0 0.0 0.0 1.0
7.86 -0.8389123826744859 0.3821670449751803 0.014401259602350128 1.0 0.0 0.0 1.0
7.87 -0.845502631468711 0.3649530376728518 0.01439561599666695 1.0 0.0 0.0 1.0
7.88 -0.851740611819524 0.34762260303824594 0.01438977661088722 1.0 0.0 0.0 1.0
7.89 -0.8576247144720583 0.33018297875296976 0.014383722538662675 1.0 0.0 0.0 1.0
7.9 -0.8631534696661927 0.3126414441159543 0.014377436937860325 1.0 0.0 0.0 1.0
7.91 -0.8683255469052423 0.29500531682329695 0.01437090500256618 1.0 0.0 0.0 1.0
7.92 -0.8731397542958009 0.2772819505527937 0.014364112748621904 1.0 0.0 0.0 1.0
7.93 -0.8775950382179869 0.25947873024990165 0.014357049061586833 1.0 0.0 0.0 1.0
7.94 -0.8816904828824249 0.241603069678194 0.014349704323784025 1.0 0.0 0.0 1.0
7.95 -0.8854253096830693 0.22366240802758316 0.014342070439047745 1.0 0.0 0.0 1.0
7.96 -0.8887988768129843 0.20566420543788286 0.014334142286122658 1.0 0.0 0.0 1.0
7.97 -0.8918106786881874 0.18761594084278585 0.014325915775835564 1.0 0.0 0.0 1.0
7.9799999999999995 -0.8944603453256201 0.16952510748352825 0.014317389276328625 1.0 0.0 0.0 1.0
7.99 -0.896747641904351 0.15139920935970566 0.014308563529264441 1.0 0.0 0.0 1.0
8.0 -0.8986724681161589 0.13324575861552024 0.014299440277512447 1.0 0.0 0.0 1.0
8.01 -0.9002348575569893 0.11507227053559724 0.014290024252349511 1.0 0.0 0.0 1.0
8.02 -0.9014349772380226 0.0968862608742118 0.014280321726271587 1.0 0.0 0.0 1.0
8.03 -0.9022731269193894 0.07869524233224656 0.014270340356193758 1.0 0.0 0.0 1.0
8.04 -0.902749738493513 0.06050671983543528 0.014260090633475529 1.0 0.0 0.0 1.0
8.05 -0.9028653754852619 0.04232818827370713 0.01424958382295663 1.0 0.0 0.0 1.0
8.06 -0.9026207323340638 0.02416712792850676 0.014238833225203605 1.0 0.0 0.0 1.0
8.07 -0.9020166338297423 0.006031000772905583 0.01422785410997543 1.0 0.0 0.0 1.0
8.08 -0.9010540345833116 -0.012072752161031748 0.014216662200449644 1.0 0.0 0.0 1.0
8.09 -0.8997340182567252 -0.03013671581073519 0.014205275532345196 1.0 0.0 0.0 1.0
8.1 -0.8980577970763148 -0.04815350381692107 0.014193713050186466 1.0 0.0 0.0 1.0
8.11 -0.8960267112425819 -0.06611576195195198 0.014181994238337065 1.0 0.0 0.0 1.0
8.12 -0.8936422281400873 -0.08401617283264154 0.01417014056121615 1.0 0.0 0.0 1.0
8.13 -0.8909059419425632 -0.10184745812800244 0.0141581734004222 1.0 0.0 0.0 1.0
8.14 -0.8878195728602511 -0.11960238294314825 0.014146115088733804 1.0 0.0 0.0 1.0
8.15 -0.8843849664593563 -0.13727375946122936 0.014133988948577609 1.0 0.0 0.0 1.0
8.16 -0.8806040932642452 -0.1548544494019359 0.014121817688695717 1.0 0.0 0.0 1.0
8.17 -0.8764790478384571 -0.1723373687854655 0.014109625099056843 1.0 0.0 0.0 1.0
8.18 -0.8720120482745376 -0.18971549055232675 0.014097434816466463 1.0 0.0 0.0 1.0
8.19 -0.8672054356653578 -0.2069818476661799 0.0140852697620039 1.0 0.0 0.0 1.0
8.2 -0.8620616731063953 -0.2241295375426012 0.01407315358135005 1.0 0.0 0.0 1.0
8.209999999999999 -0.8565833453535513 -0.2411517240424481 0.014061108706641602 1.0 0.0 0.0 1.0
8.22 -0.8507731579850141 -0.25804164139190205 0.014049157155258396 1.0 0.0 0.0 1.0
8.23 -0.8446339365370263 -0.2747925975461821 0.014037320750147528 1.0 0.0 0.0 1.0
8.24 -0.8381686261569301 -0.2913979762886601 0.014025619511029094 1.0 0.0 0.0 1.0
8.25 -0.8313802904494264 -0.3078512414475818 0.014014073200157158 1.0 0.0 0.0 1.0
8.26 -0.8242721108500078 -0.32414593922470863 0.014002700352071393 1.0 0.0 0.0 1.0
8.27 -0.8168473860508088 -0.340275700763615 0.013991517581955987 1.0 0.0 0.0 1.0
8.28 -0.809109530680443 -0.35623424602895293 0.013980541058515813 1.0 0.0 0.0 1.0
8.29 -0.8010620749009184 -0.372015385439892 0.01396978478249524 1.0 0.0 0.0 1.0
8.3 -0.7927086633485826 -0.38761302308597506 0.013959261208473068 1.0 0.0 0.0 1.0
8.31 -0.7840530539616599 -0.40302115960732887 0.013948981691844742 1.0 0.0 0.0 1.0
8.32 -0.7750991175436064 -0.41823389378392745 0.013938954950442659 1.0 0.0 0.0 1.0
8.33 -0.7658508362237911 -0.4332454259666072 0.013929188526579664 1.0 0.0 0.0 1.0
8.34 -0.756312302581809 -0.4480500599626288 0.01391970171169181 1.0 0.0 0.0 1.0
8.35 -0.7464877188705528 -0.46264220491535885 0.013910507207964613 1.0 0.0 0.0 1.0
8.36 -0.7363813952165856 -0.47701637841783806 0.013901583760595602 1.0 0.0 0.0 1.0
8.37 -0.725997749016464 -0.4911672076815002 0.013892930768278567 1.0 0.0 0.0 1.0
8.38 -0.7153413034886289 -0.5050894318835445 0.013884545643930307 1.0 0.0 0.0 1.0
8.39 -0.7044166860481784 -0.5187779044065828 0.013876424485120102 1.0 0.0 0.0 1.0
8.4 -0.6932286276272718 -0.532227593832859 0.013868560638344057 1.0 0.0 0.0 1.0
8.41 -0.6817819605893578 -0.5454335864380557 0.013860946163044972 1.0 0.0 0.0 1.0
8.42 -0.6700816174707425 -0.5583910875357267 0.013853571395736678 1.0 0.0 0.0 1.0
8.43 -0.6581326298482204 -0.5710954226027316 0.013846424223086205 1.0 0.0 0.0 1.0
8.44 -0.6459401259147385 -0.5835420395012499 0.013839491751261567 1.0 0.0 0.0 1.0
8.45 -0.6335093295508434 -0.5957265091423937 0.013832758978394677 1.0 0.0 0.0 1.0
8.459999999999999 -0.6208455583480588 -0.6076445269134897 0.01382620934102062 1.0 0.0 0.0 1.0
8.47 -0.6079542214120581 -0.6192919141997826 0.013819825555477809 1.0 0.0 0.0 1.0
8.48 -0.59484081832277 -0.6306646187867727 0.013813588242913333 1.0 0.0 0.0 1.0
8.49 -0.5815109363904776 -0.6417587163856538 0.013807477462964485 1.0 0.0 0.0 1.0
8.5 -0.5679702489203422 -0.6525704114141923 0.013801472400122375 1.0 0.0 0.0 1.0
8.51 -0.5542245136277751 -0.6630960374105792 0.013795550650731663 1.0 0.0 0.0 1.0
8.52 -0.5402795695093179 -0.6733320583552455 0.013789690019912778 1.0 0.0 0.0 1.0
8.53 -0.526141335515999 -0.683275068864938 0.013783867219400787 1.0 0.0 0.0 1.0
8.54 -0.5118158079893393 -0.6929217947758739 0.01377805845430704 1.0 0.0 0.0 1.0
8.55 -0.4973090578403843 -0.7022690939654306 0.013772240359306576 1.0 0.0 0.0 1.0
8.56 -0.4826272291037497 -0.7113139562569 0.01376638859472647 1.0 0.0 0.0 1.0
8.57 -0.46777653551842396 -0.7200535040722083 0.013760479468631119 1.0 0.0 0.0 1.0
8.58 -0.45276325828999264 -0.7284849927055803 0.013754489619024528 1.0 0.0 0.0 1.0
8.59 -0.4375937440450909 -0.7366058101693933 0.013748395271198088 1.0 0.0 0.0 1.0
8.6 -0.4222744010187203 -0.7444134777213327 0.013742174137329338 1.0 0.0 0.0 1.0
8.61 -0.40681169732740863 -0.7519056496908171 0.013735804015916632 1.0 0.0 0.0 1.0
8.62 -0.3912121578663946 -0.7590801134016609 0.013729263393309495 1.0 0.0 0.0 1.0
8.63 -0.37548236090188136 -0.7659347893960259 0.013722532410103967 1.0 0.0 0.0 1.0
8.64 -0.3596289362576761 -0.7724677310022652 0.013715591337276276 1.0 0.0 0.0 1.0
8.65 -0.343658561316289 -0.7786771243075856 0.013708422252696058 1.0 0.0 0.0 1.0
8.66 -0.32757795833387676 -0.784561288038451 0.013701008641755144 1.0 0.0 0.0 1.0
8.67 -0.31139389201852635 -0.7901186730446199 0.013693334564772373 1.0 0.0 0.0 1.0
8.68 -0.29511316516519515 -0.7953478622137027 0.013685386606532426 1.0 0.0 0.0 1.0
8.69 -0.2787426165981755 -0.800247570066945 0.013677152324244848 1.0 0.0 0.0 1.0
8.7 -0.2622891176809944 -0.8048166422595827 0.013668620794202937 1.0 0.0 0.0 1.0
8.71 -0.24575956845003838 -0.8090540553559125 0.013659783577406439 1.0 0.0 0.0 1.0
8.72 -0.22916089554606767 -0.8129589162407672 0.013650633030641355 1.0 0.0 0.0 1.0
8.73 -0.21250004783204102 -0.816530461642201 0.013641163963153244 1.0 0.0 0.0 1.0
8.74 -0.19578399338749725 -0.8197680577501334 0.013631373154956342 1.0 0.0 0.0 1.0
8.75 -0.17901971686939722 -0.8226711995492957 0.013621258389673502 1.0 0.0 0.0 1.0
8.76 -0.16221421481694515 -0.8252395103188798 0.013610820385227332 1.0 0.0 0.0 1.0
8.77 -0.1453744933883318 -0.827472741127074 0.013600061128660327 1.0 0.0 0.0 1.0
8.78 -0.12850756470775584 -0.8293707701334561 0.013588984284360995 1.0 0.0 0.0 1.0
8.79 -0.11162044273978321 -0.8309336020587188 0.01357759615986514 1.0 0.0 0.0 1.0
8.8 -0.09472014112434862 -0.8321613675887838 0.013565903873087412 1.0 0.0 0.0 1.0
8.81 -0.07781366867390227 -0.8330543226467122 0.01355391689861777 1.0 0.0 0.0 1.0
8.82 -0.06090802622257956 -0.8336128478545853 0.013541646567944148 1.0 0.0 0.0 1.0
8.83 -0.04401020396795049 -0.8338374478738863 0.013529104957670176 1.0 0.0 0.0 1.0
8.84 -0.02712717672148689 -0.8337287506423817 0.0135163067332698 1.0 0.0 0.0 1.0
8.85 -0.010265901594737371 -0.8332875068509996 0.01350326747746019 1.0 0.0 0.0 1.0
8.86 0.006566685562471244 -0.8325145892003707 0.013490003895607179 1.0 0.0 0.0 1.0
8.87 0.023363674308492358 -0.831410991657256 0.013476534800791157 1.0 0.0 0.0 1.0
8.88 0.04011818169932646 -0.8299778289314238 0.013462879214468378 1.0 0.0 0.0 1.0
8.89 0.056823356628224214 -0.8282163356137874 0.013449057727448172 1.0 0.0 0.0 1.0
8.9 0.07347238292807688 -0.8261278655281924 0.013435092077713841 1.0 0.0 0.0 1.0
8.91 0.0900584818460965 -0.8237138911509879 0.01342100391979533 1.0 0.0 0.0 1.0
8.92 0.10657491656480134 -0.8209760026527043 0.013406816539612912 1.0 0.0 0.0 1.0
8.93 0.12301499440651706 -0.8179159073747703 0.01339255330344822 1.0 0.0 0.0 1.0
8.94 0.1393720700639968 -0.814535429092244 0.01337823764207986 1.0 0.0 0.0 1.0
8.95 0.15563954952564155 -0.8108365070734125 0.013363894081722952 1.0 0.0 0.0 1.0
8.96 0.171810891933854 -0.8068211956295808 0.013349546381571632 1.0 0.0 0.0 1.0
8.97 0.18787961349940993 -0.8024916631364853 0.013335218679768302 1.0 0.0 0.0 1.0
8.98 0.20383929037246518 -0.7978501912553888 0.013320935239889736 1.0 0.0 0.0 1.0
8.99 0.21968356075789935 -0.7928991744137998 0.013306719153885201 1.0 0.0 0.0 1.0
9.0 0.23540612895919008 -0.7876411186298331 0.01329259393182099 1.0 0.0 0.0 1.0
9.01 0.25100076733139487 -0.7820786409431116 0.013278582172145264 1.0 0.0 0.0 1.0
9.02 0.26646131898981273 -0.776214468643617 0.0132647053602423 1.0 0.0 0.0 1.0
9.03 0.2817817013005969 -0.7700514380799519 0.013250984975137714 1.0 0.0 0.0 1.0
9.04 0.2969559073908491 -0.7635924942172178 0.013237440755414692 1.0 0.0 0.0 1.0
9.05 0.311978009433182 -0.7568406894761249 0.013224091659833959 1.0 0.0 0.0 1.0
9.06 0.3268421611339184 -0.7497991827500903 0.01321095583742845 1.0 0.0 0.0 1.0
9.07 0.3415425993682717 -0.7424712388630778 0.013198049329669755 1.0 0.0 0.0 1.0
9.08 0.35607364755911014 -0.7348602270913863 0.013185387579126205 1.0 0.0 0.0 1.0
9.09 0.3704297172734647 -0.7269696204611108 0.0131729843660048 1.0 0.0 0.0 1.0
9.1 0.3846053102903885 -0.718802994846125 0.013160851492685574 1.0 0.0 0.0 1.0
9.11 0.3985950214975844 -0.7103640274272074 0.013148999994710288 1.0 0.0 0.0 1.0
9.12 0.4123935399875988 -0.7016564961595245 0.013137438579130689 1.0 0.0 0.0 1.0
9.13 0.42599565158862546 -0.692684278322187 0.013126174473002041 1.0 0.0 0.0 1.0
9.14 0.4393962408663357 -0.6834513492339251 0.01311521362165284 1.0 0.0 0.0 1.0
9.15 0.45259029222624625 -0.6739617815778496 0.013104559438624819 1.0 0.0 0.0 1.0
9.16 0.4655728925190236 -0.6642197435141548 0.013094214297702526 1.0 0.0 0.0 1.0
9.17 0.4783392322235223 -0.6542294977452101 0.013084178711303188 1.0 0.0 0.0 1.0
9.18 0.4908846068374896 -0.6439954003740048 0.013074450971908574 1.0 0.0 0.0 1.0
9.19 0.5032044190909838 -0.6335218989113387 0.0130650284847567 1.0 0.0 0.0 1.0
9.2 0.5152941796188343 -0.622813531555246 0.013055906355647448 1.0 0.0 0.0 1.0
9.21 0.5271495087045521 -0.6118749253487912 0.013047078207343174 1.0 0.0 0.0 1.0
9.22 0.5387661377487379 -0.6007107945048277 0.013038536561648613 1.0 0.0 0.0 1.0
9.23 0.5501399098562885 -0.5893259395005314 0.01303027164276176 1.0 0.0 0.0 1.0
9.24 0.5612667816463559 -0.577725244695376 0.01302227290783956 1.0 0.0 0.0 1.0
9.25 0.5721428240158413 -0.5659136770826662 0.01301452838435222 1.0 0.0 0.0 1.0
9.26 0.5827642228969669 -0.553896284827388 0.013007024304848094 1.0 0.0 0.0 1.0
9.27 0.5931272807733605 -0.5416781947493668 0.01299974655927683 1.0 0.0 0.0 1.0
9.28 0.6032284169704689 -0.5292646113447719 0.012992679351866748 1.0 0.0 0.0 1.0
9.29 0.6130641686661216 -0.5166608144924424 0.01298580603620493 1.0 0.0 0.0 1.0
9.3 0.6226311918348076 -0.5038721573323776 0.01297910960817769 1.0 0.0 0.0 1.0
9.31 0.6319262613983546 -0.4909040650732231 0.012972571522418284 1.0 0.0 0.0 1.0
9.32 0.6409462722983067 -0.47776203208158907 0.012966173285683204 1.0 0.0 0.0 1.0
9.33 0.6496882398791739 -0.4644516202766714 0.012959895847329057 1.0 0.0 0.0 1.0
9.34 0.6581493001223477 -0.4509784573179929 0.012953719218711707 1.0 0.0 0.0 1.0
9.35 0.6663267105179014 -0.4373482335474049 0.01294762402443074 1.0 0.0 0.0 1.0
9.36 0.6742178500533341 -0.4235667007251913 0.012941590128543585 1.0 0.0 0.0 1.0
9.37 0.6818202196123909 -0.40963966928813905 0.012935597493793114 1.0 0.0 0.0 1.0
9.38 0.6891314424506307 -0.39557300577599386 0.012929626715834888 1.0 0.0 0.0 1.0
9.39 0.6961492640292195 -0.38137263134722843 0.012923668005119567 1.0 0.0 0.0 1.0
9.4 0.7028715524665611 -0.367044518371888 0.012917702855899382 1.0 0.0 0.0 1.0
9.41 0.7092962986116986 -0.3525946884729074 0.012911700245649606 1.0 0.0 0.0 1.0
9.42 0.7154216159033385 -0.33802921039277334 0.012905641630957294 1.0 0.0 0.0 1.0
9.43 0.7212457406967975 -0.3233541964422702 0.01289951006251239 1.0 0.0 0.0 1.0
9.44 0.7267670320500865 -0.3085758009688361 0.012893288708796153 1.0 0.0 0.0 1.0
9.45 0.7319839716696438 -0.29370021723589845 0.01288696170409641 1.0 0.0 0.0 1.0
9.46 0.7368951639992107 -0.27873367444568237 0.01288051468201547 1.0 0.0 0.0 1.0
9.47 0.7414993358697041 -0.26368243600911195 0.012873933437438024 1.0 0.0 0.0 1.0
9.48 0.7457953364741419 -0.248552795740332 0.012867205582392134 1.0 0.0 0.0 1.0
9.49 0.7497821372119011 -0.23335107559503393 0.01286031984154043 1.0 0.0 0.0 1.0
9.5 0.7534588313274883 -0.21808362329774972 0.012853265515203181 1.0 0.0 0.0 1.0
9.51 0.756824633808172 -0.20275680840819402 0.012846034126609476 1.0 0.0 0.0 1.0
9.52 0.7598788810612082 -0.18737702057943276 0.012838617826822149 1.0 0.0 0.0 1.0
9.53 0.762621030564483 -0.1719506661853945 0.012831010173024989 1.0 0.0 0.0 1.0
9.54 0.7650506606519417 -0.15648416503894902 0.012823206659368914 1.0 0.0 0.0 1.0
9.55 0.7671674700957533 -0.1409839485025758 0.012815203252364366 1.0 0.0 0.0 1.0
9.56 0.7689712777392791 -0.12545645543857767 0.01280699800357896 1.0 0.0 0.0 1.0
9.57 0.7704620221799343 -0.10990812973518442 0.012798590306667123 1.0 0.0 0.0 1.0
9.58 0.7716397613146737 -0.09434541781609122 0.012789980225496234 1.0 0.0 0.0 1.0
9.59 0.7725046719068741 -0.07877476448792366 0.012781170136073036 1.0 0.0 0.0 1.0
9.6 0.7730570492209736 -0.06320261107671744 0.012772163057179008 1.0 0.0 0.0 1.0
9.61 0.7732973064994327 -0.04763539197226843 0.012762963297497976 1.0 0.0 0.0 1.0
9.62 0.773225974503889 -0.03207953118218021 0.012753577007786874 1.0 0.0 0.0 1.0
9.63 0.7728437011038735 -0.016541440397653276 0.012744010608883711 1.0 0.0 0.0 1.0
9.64 0.7721512506606788 -0.0010275148934957405 0.012734272305388494 1.0 0.0 0.0 1.0
9.65 0.7711495035838337 0.014455869036131984 0.012724371368795326 1.0 0.0 0.0 1.0
9.66 0.7698394558568621 0.02990235653996903 0.01271431732412813 1.0 0.0 0.0 1.0
9.67 0.7682222183279435 0.04530561838018107 0.012704121556392263 1.0 0.0 0.0 1.0
9.68 0.7662990163251073 0.06065935280865045 0.01269379565140446 1.0 0.0 0.0 1.0
9.69 0.7640711890196897 0.07595728891414175 0.012683351869492723 1.0 0.0 0.0 1.0
9.7 0.7615401887397816 0.09119319006219803 0.012672803755655148 1.0 0.0 0.0 1.0
9.71 0.7587075805838945 0.10636085574654991 0.012662164513034212 1.0 0.0 0.0 1.0
9.72 0.7555750415868012 0.12145412552429431 0.012651448380276039 1.0 0.0 0.0 1.0
9.73 0.7521443601411124 0.13646688152968076 0.012640670018864233 1.0 0.0 0.0 1.0
9.74 0.7484174355121186 0.15139305075459147 0.012629843581941077 1.0 0.0 0.0 1.0
9.75 0.7443962768494516 0.1662266090185731 0.012618984271652558 1.0 0.0 0.0 1.0
9.76 0.7400830027584673 0.18096158274043556 0.012608106784047633 1.0 0.0 0.0 1.0
9.77 0.7354798405421709 0.19559205198376686 0.012597225603743437 1.0 0.0 0.0 1.0
9.78 0.7305891252550076 0.21011215370769165 0.012586355709612973 1.0 0.0 0.0 1.0
9.79 0.7254132993051259 0.22451608341022145 0.01257551096226104 1.0 0.0 0.0 1.0
9.8 0.7199549113701497 0.23879809868597754 0.012564705342952207 1.0 0.0 0.0 1.0
9.81 0.7142166156334976 0.25295252154489667 0.01255395251018763 1.0 0.0 0.0 1.0
9.82 0.7082011712385152 0.26697374036869065 0.01254326479794237 1.0 0.0 0.0 1.0
9.83 0.7019114409661471 0.2808562134688953 0.01253265473589981 1.0 0.0 0.0 1.0
9.84 0.695350390698744 0.2945944706419806 0.012522133668695246 1.0 0.0 0.0 1.0
9.85 0.6885210884772169 0.30818311574308704 0.012511711905952377 1.0 0.0 0.0 1.0
9.86 0.6814267032239115 0.3216168295726563 0.012501399553071661 1.0 0.0 0.0 1.0
9.87 0.6740705042582782 0.33489037120656356 0.012491204970572583 1.0 0.0 0.0 1.0
9.88 0.666455859885447 0.3479985809932814 0.012481135910990983 1.0 0.0 0.0 1.0
9.89 0.6585862363696684 0.36093638254779997 0.01247119927432555 1.0 0.0 0.0 1.0
9.9 0.6504651972411111 0.3736987842739136 0.012461400088380536 1.0 0.0 0.0 1.0
9.91 0.6420964015552448 0.3862808823342738 0.012451743025931081 1.0 0.0 0.0 1.0
9.92 0.6334836031647276 0.3986778618991 0.0124422312186 1.0 0.0 0.0 1.0
9.93 0.6246306495025773 0.41088499912694576 0.012432866320313075 1.0 0.0 0.0 1.0
9.94 0.6155414798865014 0.42289766354456243 0.012423649476606341 1.0 0.0 0.0 1.0
9.95 0.6062201248599003 0.43471131899653986 0.012414579876249512 1.0 0.0 0.0 1.0
9.96 0.596670704364001 0.44632152595627556 0.012405655844885746 1.0 0.0 0.0 1.0
9.97 0.5868974263673007 0.4577239430997817 0.012396874781279297 1.0 0.0 0.0 1.0
9.98 0.5769045859330566 0.4689143283353682 0.012388232154208461 1.0 0.0 0.0 1.0
9.99 0.5666965629811909 0.4798885410724134 0.01237972305516 1.0 0.0 0.0 1.0
10.0 0.5562778212880277 0.4906425431106729 0.01237134116837782 1.0 0.0 0.0 1.0
